#python $HESSROOT/parisanalysis/scripts/select_runs.py -target='Crab' -loose > CrabList_loose.txt#Searching for target Crab Target  Crab  not found, searching approx match
#Found  Crab Nebula
#'RA_J2000'
#Found  Crab (3IBIS)
#=> (Ra = 83.629, Dec = 22.018)
#Searching for (Ra = 83.629, Dec = 22.018)
#Searching for (Ra = 83.629, Dec = 22.018)
#Loading DB
#Run list
#=================
16193
16266
16267
16268
16269
16357
16358
16359
16360
16403
16404
16405
16480
16646
16647
16730
16764
16967
17579
17589
18361
18373
18406
18410
18415
18480
18495
18517
18526
18529
18561
18564
18565
18566
18598
18599
18640
18870
18871
18873
18874
18875
18885
18886
18887
18888
18889
18890
18922
18923
18924
18925
18942
18943
18945
18946
19490
19551
19554
19591
22920
23037
23062
23063
23080
23081
23304
23309
23310
23311
23523
23526
23544
23545
23546
23547
23555
23556
23557
23558
23559
23562
23576
23577
23579
23580
23592
23593
23594
23608
23611
23612
23641
23642
23662
23663
23739
23740
23741
23753
23754
23755
23756
23937
23939
24115
24138
24139
24140
24141
24412
29873
29874
35941
35956
35957
35992
36012
36013
36066
36361
36380
41647
41648
41677
41678
41712
41713
41753
41808
42317
42383
42384
42416
42556
42557
43038
43039
43424
43447
43471
43472
43489
43490
48399
48476
48525
48552
48603
48630
48631
48646
48647
48682
48683
48717
48734
48750
54127
54128
54354
54390
54391
54392
54404
54566
54588
54589
54603
54604
54623
54624
54648
54653
54706
54707
54734
54735
54748
54749
54771
54772
54789
54809
60601
60602
60630
60631
60668
60670
60671
60695
60696
60697
60716
60717
60718
60729
60730
60731
60739
60740
60741
60793
60794
60795
60805
61091
61123
61148
61172
61191
61214
61230
61245
61246
61261
78815
78922
79556
79858
79859
79860
79862
79881
79882
79884
79885
79992
79993
80026
80030
80081
80084
80086
80124
80126
80129
80132
80134
80154
80158
80161
80163
80165
80167
80170
80190
80191
80192
80996
80997
80998
81022
81023
81078
81083
81086
81089
81132
81133
81134
81135
81136
81160
81664
81666
81667
81725
81728
81731
81788
81794
81841
81847
81849
82091
82093
82703
82879
89351
89354
89360
89367
89409
89562
89565
89566
89604
89605
