 2
 67220
  825.295166  2.40831432E-05  3.2406092E-06  0.  5.24536226E-05  1.44014612E-05
  8.34270111E-07  0.  9.81720586E-06 67220
  874.300781  2.49330333E-05  3.2406092E-06  0.  5.21862312E-05  1.4240024E-05
  8.34270111E-07  0.  9.76716092E-06 67220
  923.306152  2.61020032E-05  3.24614621E-06  0.  5.19205969E-05  1.4084324E-05
  8.28042459E-07  0.  9.71744521E-06 67220
  972.311523  2.66112329E-05  3.25816063E-06  0.  5.16567052E-05
  1.36846793E-05  8.21824415E-07  0.  9.66805419E-06 67220
  1021.31689  2.64303526E-05  3.2555231E-06  0.  5.13945088E-05  1.33090452E-05
  8.10266897E-07  0.  9.61898058E-06 67220
  1070.32227  2.59119552E-05  3.23783456E-06  0.  5.1134004E-05  1.30301087E-05
  7.9930777E-07  0.  9.57022621E-06 67220
  1119.32764  2.55599589E-05  3.21307994E-06  0.  5.08751727E-05
  1.28764295E-05  7.9056224E-07  0.  9.52178289E-06 67220
  1168.33301  2.62069298E-05  3.19274659E-06  0.  5.06179822E-05
  1.29063537E-05  7.8468986E-07  0.  9.47364879E-06 67220
  1217.33838  2.69481097E-05  3.19411038E-06  0.  5.03624215E-05
  1.39724252E-05  7.83427254E-07  0.  9.42581664E-06 67220
  1266.34375  3.13335695E-05  3.20021059E-06  0.  5.01084614E-05
  1.64243174E-05  8.05649677E-07  0.  9.37828554E-06 67220
  1315.34912  3.47182213E-05  3.28431452E-06  0.  4.98561094E-05
  1.84518594E-05  8.58209091E-07  0.  9.33105366E-06 67220
  1364.35449  3.71475398E-05  3.34622428E-06  0.  4.96053071E-05
  2.01914554E-05  9.0129987E-07  0.  9.28411646E-06 67220
  1413.35986  3.93478913E-05  3.38741233E-06  0.  4.93560583E-05
  2.16727694E-05  9.37938353E-07  0.  9.23746484E-06 67220
  1462.36523  3.97608674E-05  3.42252906E-06  0.  4.9108341E-05  2.22183444E-05
  9.68494533E-07  0.  9.19110335E-06 67220
  1511.37061  4.06698382E-05  3.41942132E-06  0.  4.88621299E-05
  2.28934914E-05  9.78440653E-07  0.  9.14502289E-06 67220
  1560.37598  3.99784913E-05  3.4260363E-06  0.  4.86174213E-05  2.29654779E-05
  9.91014645E-07  0.  9.09922255E-06 67220
  1609.38159  3.93483497E-05  3.39816756E-06  0.  4.83741751E-05
  2.33249939E-05  9.90386752E-07  0.  9.05369689E-06 67220
  1658.38672  3.84849845E-05  3.37153278E-06  0.  4.81324023E-05
  2.36603064E-05  9.96120889E-07  0.  9.0084468E-06 67220
  1707.39209  3.86793618E-05  3.3406518E-06  0.  4.78920592E-05  2.38628891E-05
  1.00127988E-06  0.  8.9634641E-06 67220
  1756.39722  3.79814883E-05  3.33210414E-06  0.  4.76531459E-05
  2.37240147E-05  1.00337729E-06  0.  8.91874879E-06 67220
  1805.40308  3.35617297E-05  3.30170178E-06  0.  4.74156295E-05
  2.18893692E-05  9.97210577E-07  0.  8.87429633E-06 67220
  1854.4082  3.02516855E-05  3.19167407E-06  0.  4.71795138E-05  2.09769551E-05
  9.53956032E-07  0.  8.83010489E-06 67220
  1903.41406  2.92800105E-05  3.10739097E-06  0.  4.69447696E-05
  2.16363314E-05  9.31784427E-07  0.  8.78616993E-06 67220
  1952.41919  2.93272969E-05  3.07442906E-06  0.  4.67113823E-05
  2.23796069E-05  9.44401222E-07  0.  8.74248872E-06 67220
  2001.42456  2.83088157E-05  3.06277684E-06  0.  4.64793302E-05  2.2338887E-05
  9.58563646E-07  0.  8.69905944E-06 67220
  2050.43018  2.67148935E-05  3.0277306E-06  0.  4.62486241E-05  2.24528249E-05
  9.55463747E-07  0.  8.65587936E-06 67220
  2099.43555  2.49615186E-05  2.98019359E-06  0.  4.60192023E-05
  2.22749422E-05  9.55675773E-07  0.  8.6129412E-06 67220
  2148.44116  2.47425123E-05  2.93042285E-06  0.  4.57910901E-05
  2.18224031E-05  9.49330001E-07  0.  8.57024679E-06 67220
  2197.44653  2.33679602E-05  2.91298716E-06  0.  4.55642548E-05
  2.14402935E-05  9.36950869E-07  0.  8.52779249E-06 67220
  2246.45142  2.24171163E-05  2.87097396E-06  0.  4.53386783E-05
  2.14336542E-05  9.26300913E-07  0.  8.48557374E-06 67220
  2295.45728  2.1404252E-05  2.83812096E-06  0.  4.51143715E-05  2.10124763E-05
  9.23790594E-07  0.  8.44359329E-06 67220
  2344.46191  2.05071701E-05  2.80407949E-06  0.  4.48912906E-05
  2.11316874E-05  9.12354892E-07  0.  8.40184111E-06 67220
  2393.46777  1.90643768E-05  2.77216986E-06  0.  4.46694321E-05
  2.10093658E-05  9.12779171E-07  0.  8.36031813E-06 67220
  2442.47266  1.76342E-05  2.72854231E-06  0.  4.44487814E-05  2.05361357E-05
  9.07723575E-07  0.  8.31902162E-06 67220
  2491.47852  1.69337E-05  2.68582062E-06  0.  4.4229324E-05  2.04923908E-05
  8.95102687E-07  0.  8.27794793E-06 67220
  2540.4834  1.41292039E-05  2.6571995E-06  0.  4.40110525E-05  1.98183825E-05
  8.91718457E-07  0.  8.23709615E-06 67220
  2589.48926  1.43340658E-05  2.58569003E-06  0.  4.37939525E-05
  2.03003492E-05  8.74906959E-07  0.  8.19646357E-06 67220
  2638.49414  1.62422075E-05  2.58049931E-06  0.  4.35780021E-05
  2.10840153E-05  8.83789937E-07  0.  8.15604653E-06 67220
  2687.5  1.45193189E-05  2.60923957E-06  0.  4.3363194E-05  2.06719287E-05
  8.98864414E-07  0.  8.11584323E-06 67220
  2736.50537  1.27248568E-05  2.55959571E-06  0.  4.314951E-05  1.89535749E-05
  8.86916609E-07  0.  8.07585093E-06 67220
  2785.51074  1.0659438E-05  2.50822313E-06  0.  4.29369502E-05  1.83687625E-05
  8.46600528E-07  0.  8.03606781E-06 67220
  2834.5166  1.0123862E-05  2.45235015E-06  0.  4.2725489E-05  1.82547428E-05
  8.31564194E-07  0.  7.99649024E-06 67220
  2883.52148  9.65031359E-06  2.42956457E-06  0.  4.25151229E-05
  1.74417019E-05  8.26627456E-07  0.  7.95711821E-06 67220
  2932.52734  9.1517868E-06  2.40814848E-06  0.  4.23058336E-05  1.79264098E-05
  8.06839466E-07  0.  7.91794901E-06 67220
  2981.53223  8.49347998E-06  2.38611301E-06  0.  4.20976285E-05
  1.77067432E-05  8.15427768E-07  0.  7.87897989E-06 67220
  3030.5376  6.05442619E-06  2.35913308E-06  0.  4.18904565E-05  1.69014475E-05
  8.08188361E-07  0.  7.84020631E-06 67220
  3079.54297  5.10618702E-06  2.29514058E-06  0.  4.16843468E-05  1.6796781E-05
  7.88340117E-07  0.  7.80163009E-06 67220
  3128.54883  4.91661922E-06  2.26397674E-06  0.  4.1479263E-05  1.68457245E-05
  7.84052531E-07  0.  7.76324759E-06 67220
  3177.5542  3.19726678E-06  2.24784071E-06  0.  4.12752015E-05  1.63360073E-05
  7.8291248E-07  0.  7.72505518E-06 67220
  3226.55957  2.89609306E-06  2.20008837E-06  0.  4.10721514E-05  1.652418E-05
  7.69759765E-07  0.  7.68705195E-06 67220
  3275.56445  1.93124288E-06  2.18231321E-06  0.  4.08701053E-05
  1.57777595E-05  7.71602572E-07  0.  7.64923789E-06 67220
  3324.57031  4.51618689E-07  2.14982356E-06  0.  4.06690524E-05
  1.54875215E-05  7.53021311E-07  0.  7.61160891E-06 67220
  3373.5752 -1.16835872E-06  2.10616599E-06  0.  4.04689781E-05  1.54783083E-05
  7.44657939E-07  0.  7.57416183E-06 67220
  3422.58105 -4.77979484E-07  2.06170125E-06  0.  4.02698643E-05
  1.52811244E-05  7.42422799E-07  0.  7.53689619E-06 67220
  3471.58496 -2.33572064E-06  2.06457298E-06  0.  4.00717108E-05
  1.46550392E-05  7.3583908E-07  0.  7.49981109E-06 67220
  3520.59277 -3.37760139E-06  2.01347461E-06  0.  3.98744996E-05
  1.36423641E-05  7.19596528E-07  0.  7.46290016E-06 67220
  3569.59668 -7.00352393E-06  1.97735471E-06  0.  3.96782416E-05
  1.23217305E-05  6.94660457E-07  0.  7.42616839E-06 67220
  3618.60254 -1.14390423E-05  1.8848375E-06  0.  3.9482904E-05  9.39513302E-06
  6.61978504E-07  0.  7.38960944E-06 67220
  3667.60742 -1.58951007E-05  1.77489471E-06  0.  3.92884904E-05
  5.75502963E-06  5.93313246E-07  0.  7.35322283E-06 67220
  3716.61377 -2.2418928E-05  1.66179996E-06  0.  3.90949754E-05  2.01167859E-06
  5.08711423E-07  0.  7.31700493E-06 67220
  3765.61816 -2.7089387E-05  1.50700555E-06  0.  3.89023735E-05 -1.03035927E-06
  4.22393811E-07  0.  7.28095711E-06 67220
  3814.62402 -2.62321264E-05  1.39922668E-06  0.  3.8710652E-05 -8.87148417E-07
  3.54741928E-07  0.  7.24507481E-06 67220
  3863.62842 -2.49429577E-05  1.40917189E-06  0.  3.85198218E-05 -1.6431477E-07
  3.56622053E-07  0.  7.20935896E-06 67220
  3912.63477 -2.39116562E-05  1.42800502E-06  0.  3.83298539E-05
  5.65523806E-08  3.7065891E-07  0.  7.17380499E-06 67220
  3961.64062 -2.43735558E-05  1.43954867E-06  0.  3.8140759E-05  3.98920747E-07
  3.73905493E-07  0.  7.13841337E-06 67220
  4010.64551 -2.61223176E-05  1.41772773E-06  0.  3.79525081E-05
 -2.58747605E-07  3.78932043E-07  0.  7.10318045E-06 67220
  4059.6499 -2.51282836E-05  1.37223185E-06  0.  3.77651122E-05 -8.69164069E-07
  3.62265212E-07  0.  7.06810806E-06 67220
  4108.65625 -2.62004178E-05  1.38227063E-06  0.  3.75785567E-05
 -1.02079139E-06  3.47072472E-07  0.  7.03319165E-06 67220
  4157.66211 -2.62272297E-05  1.34989887E-06  0.  3.73928196E-05
 -8.17984983E-07  3.42161712E-07  0.  6.99842985E-06 67220
  4206.66699 -2.51178571E-05  1.34119477E-06  0.  3.72079085E-05
 -1.18393291E-06  3.44412115E-07  0.  6.96382176E-06 67220
  4255.67188 -2.56626954E-05  1.3544942E-06  0.  3.70238158E-05 -1.43339639E-06
  3.34452125E-07  0.  6.92936692E-06 67220
  4304.67773 -2.55573614E-05  1.33359595E-06  0.  3.68405126E-05
 -1.18376738E-06  3.27499919E-07  0.  6.89506032E-06 67220
  4353.68408 -2.59035951E-05  1.32592959E-06  0.  3.66580207E-05
 -1.26094619E-06  3.31054622E-07  0.  6.86090425E-06 67220
  4402.68848 -2.61383684E-05  1.3088785E-06  0.  3.64763036E-05 -1.26318537E-06
  3.27609399E-07  0.  6.82689506E-06 67220
  4451.69385 -2.60338566E-05  1.29467912E-06  0.  3.62953833E-05
 -1.28669399E-06  3.25774494E-07  0.  6.79303412E-06 67220
  4500.69873 -2.54656261E-05  1.28831857E-06  0.  3.61152306E-05
 -1.22035362E-06  3.23571669E-07  0.  6.75931642E-06 67220
  4549.70605 -2.53872458E-05  1.29118348E-06  0.  3.59358382E-05
 -1.09072971E-06  3.23380704E-07  0.  6.72574151E-06 67220
  4598.71045 -2.48705765E-05  1.28427712E-06  0.  3.57572171E-05
 -5.39876055E-07  3.24944921E-07  0.  6.69231076E-06 67220
  4647.71533 -2.43170289E-05  1.28674787E-06  0.  3.55793491E-05
 -4.59607691E-07  3.35235057E-07  0.  6.65902098E-06 67220
  4696.71973 -2.53299659E-05  1.28798592E-06  0.  3.54022159E-05
 -1.15570492E-06  3.34595143E-07  0.  6.62586899E-06 67220
  4745.72705 -2.68442382E-05  1.25532972E-06  0.  3.52258176E-05
 -1.00404486E-06  3.17939566E-07  0.  6.59285388E-06 67220
  4794.73193 -2.45901756E-05  1.21716062E-06  0.  3.50501577E-05 -8.3949999E-07
  3.19665105E-07  0.  6.55997792E-06 67220
  4843.7373 -2.50892881E-05  1.25524343E-06  0.  3.48752219E-05 -4.37131348E-07
  3.21888223E-07  0.  6.52723702E-06 67220
  4892.7417 -2.48132019E-05  1.23601592E-06  0.  3.47009991E-05 -1.14796785E-06
  3.28252781E-07  0.  6.49462936E-06 67220
  4941.74805 -2.52122518E-05  1.23235498E-06  0.  3.45274893E-05
 -1.21745325E-06  3.11099342E-07  0.  6.46215494E-06 67220
  4990.75342 -2.35146726E-05  1.21716494E-06  0.  3.4354689E-05 -1.44965543E-06
  3.07686065E-07  0.  6.42981286E-06 67220
  5039.75879 -2.51554047E-05  1.24208111E-06  0.  3.41825798E-05
 -1.62240121E-06  3.00814861E-07  0.  6.39760174E-06 67220
  5088.76318 -2.39028595E-05  1.20010577E-06  0.  3.40111656E-05
 -1.28788088E-06  2.95726778E-07  0.  6.36552022E-06 67220
  5137.76953 -2.4212779E-05  1.21742175E-06  0.  3.38404279E-05 -1.482058E-06
  3.01117012E-07  0.  6.33356467E-06 67220
  5186.77588 -2.38014909E-05  1.20259369E-06  0.  3.36703779E-05
 -1.24388771E-06  2.95484654E-07  0.  6.30173872E-06 67220
  5235.78027 -2.44630901E-05  1.20166476E-06  0.  3.35009972E-05
 -1.29896853E-06  2.98937806E-07  0.  6.27003692E-06 67220
  5284.78516 -2.47802709E-05  1.17848845E-06  0.  3.33322932E-05
 -1.16326919E-06  2.96229302E-07  0.  6.23846245E-06 67220
  5333.79102 -2.36533742E-05  1.16456431E-06  0.  3.31642332E-05
 -1.07521191E-06  2.97612928E-07  0.  6.20700848E-06 67220
  5382.79688 -2.46986965E-05  1.17838022E-06  0.  3.29968425E-05
 -1.05484833E-06  2.97907945E-07  0.  6.17567957E-06 67220
  5431.80176 -2.363354E-05  1.14903082E-06  0.  3.28300957E-05 -9.62718332E-07
  2.96809844E-07  0.  6.14447163E-06 67220
  5480.80664 -2.34326326E-05  1.16327965E-06  0.  3.26639965E-05
 -1.05251547E-06  2.97102844E-07  0.  6.11338464E-06 67220
  5529.81152 -2.34604558E-05  1.15893772E-06  0.  3.24985303E-05
 -6.04254637E-07  2.93952979E-07  0.  6.08241589E-06 67220
  5578.81885 -2.28635399E-05  1.15060368E-06  0.  3.23336972E-05 -1.1218508E-06
  3.01580769E-07  0.  6.05156583E-06 67220
  5627.82324 -2.18126152E-05  1.15612647E-06  0.  3.21695006E-05
 -8.80841981E-07  2.88994386E-07  0.  6.02083492E-06 67220
  5676.82861 -2.2612985E-05  1.16891761E-06  0.  3.20059298E-05 -9.1358288E-07
  2.92593398E-07  0.  5.99022042E-06 67220
  5725.83301 -2.36444794E-05  1.14212048E-06  0.  3.18429593E-05 -1.0009062E-06
  2.90213507E-07  0.  5.95972006E-06 67220
  5774.83936 -2.30313963E-05  1.11268491E-06  0.  3.16806072E-05
 -7.32366971E-07  2.86986449E-07  0.  5.92933338E-06 67220
  5823.84521 -2.2779921E-05  1.1176428E-06  0.  3.15188736E-05 -6.23569576E-07
  2.91332356E-07  0.  5.89906313E-06 67220
  5872.8501 -2.20402035E-05  1.11560632E-06  0.  3.13577439E-05 -8.726538E-07
  2.91890046E-07  0.  5.86890656E-06 67220
  5921.85498 -2.1504391E-05  1.12368946E-06  0.  3.11972035E-05 -5.41765075E-07
  2.85227401E-07  0.  5.83885912E-06 67220
  5970.86035 -1.98485177E-05  1.12888222E-06  0.  3.10372561E-05
 -5.93369805E-07  2.90800585E-07  0.  5.80892402E-06 67220
  6019.86719 -2.00651011E-05  1.1555627E-06  0.  3.08778981E-05 -9.99380973E-07
  2.87746019E-07  0.  5.7790985E-06 67220
  6068.87207 -2.07161283E-05  1.14190198E-06  0.  3.07191222E-05
 -8.70861186E-07  2.77522588E-07  0.  5.74938213E-06 67220
  6117.87598 -2.06459845E-05  1.11998111E-06  0.  3.05609356E-05
 -6.16258149E-07  2.78999067E-07  0.  5.71977625E-06 67220
  6166.8833 -2.02526353E-05  1.11381962E-06  0.  3.04033147E-05 -7.89981641E-07
  2.82824686E-07  0.  5.69027543E-06 67220
  6215.88916 -1.9281073E-05  1.11527754E-06  0.  3.02462649E-05 -8.37058906E-07
  2.77484247E-07  0.  5.66088238E-06 67220
  6264.89307 -2.00784816E-05  1.12681084E-06  0.  3.00897864E-05
 -7.17080184E-07  2.75049473E-07  0.  5.6315962E-06 67220
  6313.89795 -1.887689E-05  1.10331837E-06  0.  2.99338753E-05 -8.40754183E-07
  2.76016351E-07  0.  5.60241597E-06 67220
  6362.90332 -2.00873146E-05  1.11926977E-06  0.  2.97785155E-05 -9.1938E-07
  2.71748092E-07  0.  5.57333806E-06 67220
  6411.91113 -1.92097614E-05  1.08666916E-06  0.  2.96237067E-05
 -5.38548193E-07  2.68882246E-07  0.  5.54436474E-06 67220
  6460.91406 -1.94355052E-05  1.09705115E-06  0.  2.94694619E-05
 -6.63583705E-07  2.7552673E-07  0.  5.51549556E-06 67220
  6509.91992 -1.86704056E-05  1.08526774E-06  0.  2.93157573E-05
 -7.79698894E-07  2.71209416E-07  0.  5.4867287E-06 67220
  6558.92578 -1.85746903E-05  1.09373275E-06  0.  2.91625911E-05
 -5.34964784E-07  2.67422479E-07  0.  5.45806279E-06 67220
  6607.93164 -1.81498326E-05  1.08840379E-06  0.  2.90099615E-05
 -6.74296643E-07  2.71116704E-07  0.  5.42949647E-06 67220
  6656.93652 -1.86214929E-05  1.08897098E-06  0.  2.88578776E-05
 -4.13201633E-07  2.66848559E-07  0.  5.40103201E-06 67220
  6705.94141 -1.91586369E-05  1.07040728E-06  0.  2.87063212E-05
 -9.86721716E-07  2.70496258E-07  0.  5.37266715E-06 67220
  6754.94531 -1.65087804E-05  1.05442359E-06  0.  2.85552978E-05
 -7.58339411E-07  2.5681328E-07  0.  5.34440142E-06 67220
  6803.95508 -1.8200928E-05  1.10095243E-06  0.  2.84047874E-05 -8.36275831E-07
  2.60225022E-07  0.  5.31623164E-06 67220
  6852.95801 -1.59633855E-05  1.05992831E-06  0.  2.82548117E-05
 -6.32880074E-07  2.57261235E-07  0.  5.28816281E-06 67220
  6901.96387 -1.70013227E-05  1.09860082E-06  0.  2.8105349E-05 -9.24559572E-07
  2.5994126E-07  0.  5.26018948E-06 67220
  6950.96777 -1.70966887E-05  1.06867662E-06  0.  2.7956401E-05 -5.26702024E-07
  2.52533198E-07  0.  5.23231211E-06 67220
  6999.97266 -1.58909097E-05  1.06043535E-06  0.  2.78079715E-05
 -9.46589353E-07  2.59321837E-07  0.  5.20453204E-06 67220
  7048.98047 -1.59541778E-05  1.07840174E-06  0.  2.76600313E-05
 -7.71136001E-07  2.48947799E-07  0.  5.17684384E-06 67220
  7097.98438 -1.58497787E-05  1.06955122E-06  0.  2.75126131E-05
 -7.62458512E-07  2.5132249E-07  0.  5.14925341E-06 67220
  7146.99023 -1.5767404E-05  1.06427331E-06  0.  2.73657006E-05 -3.8116923E-07
  2.5042263E-07  0.  5.12175711E-06 67220
  7195.99707 -1.62635333E-05  1.05783727E-06  0.  2.72192774E-05
 -1.00195484E-06  2.56681773E-07  0.  5.09435222E-06 67220
  7245.00195 -1.61051212E-05  1.03991408E-06  0.  2.70733635E-05
 -8.49055141E-07  2.41959043E-07  0.  5.06704282E-06 67220
  7294.00684 -1.45568956E-05  1.03761988E-06  0.  2.69279317E-05
 -9.71795998E-07  2.43738668E-07  0.  5.03982346E-06 67220
  7343.00977 -1.55609923E-05  1.06191908E-06  0.  2.67830019E-05
 -6.22490006E-07  2.39989561E-07  0.  5.0126996E-06 67220
  7392.0166 -1.43045145E-05  1.03455159E-06  0.  2.66385578E-05 -7.50847903E-07
  2.46038184E-07  0.  4.98566442E-06 67220
  7441.02539 -1.55590751E-05  1.05236768E-06  0.  2.64945866E-05
 -9.27095243E-07  2.41685939E-07  0.  4.95871882E-06 67220
  7490.02734 -1.53065666E-05  1.0185222E-06  0.  2.63511247E-05 -7.51385414E-07
  2.36633738E-07  0.  4.93186917E-06 67220
  7539.0332 -1.52148968E-05  1.01661487E-06  0.  2.62081267E-05 -4.16424882E-07
  2.39352659E-07  0.  4.90510502E-06 67220
  7588.03906 -1.49344705E-05  1.01153421E-06  0.  2.60656107E-05
 -1.17304444E-06  2.44499063E-07  0.  4.87843272E-06 67220
  7637.04492 -1.45734193E-05  1.01059834E-06  0.  2.59235658E-05
 -7.35622052E-07  2.2715048E-07  0.  4.85184682E-06 67220
  7686.05078 -1.15663352E-05  1.01440787E-06  0.  2.57820047E-05
 -1.30335593E-06  2.34694014E-07  0.  4.82535233E-06 67220
  7735.05371 -1.08638415E-05  1.07222684E-06  0.  2.56409112E-05
 -4.48541869E-07  2.21818638E-07  0.  4.79894561E-06 67220
  7784.05957 -1.3870751E-05  1.07637379E-06  0.  2.55002924E-05 -1.17626405E-06
  2.38290198E-07  0.  4.77262802E-06 67220
  7833.06641 -1.15347466E-05  1.00765033E-06  0.  2.5360132E-05 -1.95825123E-07
  2.22050673E-07  0.  4.74639501E-06 67220
  7882.07031 -1.20533186E-05  1.04978596E-06  0.  2.52204482E-05 -6.8870122E-07
  2.41527488E-07  0.  4.72025204E-06 67220
  7931.07617 -1.29112268E-05  1.03048137E-06  0.  2.508123E-05 -8.55209692E-07
  2.29327867E-07  0.  4.69419592E-06 67220
  7980.08203 -1.21079102E-05  1.0059149E-06  0.  2.49424538E-05 -5.83358087E-07
  2.24618887E-07  0.  4.66822303E-06 67220
  8029.08496 -1.15250587E-05  1.01659759E-06  0.  2.48041652E-05
 -1.03597085E-06  2.28731139E-07  0.  4.64234063E-06 67220
  8078.09473 -1.23425452E-05  1.02096772E-06  0.  2.46663076E-05
 -7.01784302E-07  2.17901714E-07  0.  4.61653872E-06 67220
  8127.0957 -1.07924316E-05  9.98155656E-07  0.  2.45289302E-05 -5.27739758E-07
  2.23967191E-07  0.  4.59082776E-06 67220
  8176.10254 -1.21555859E-05  1.0226421E-06  0.  2.43919822E-05 -2.12889063E-07
  2.26689139E-07  0.  4.56519683E-06 67220
  8225.11035 -1.18225071E-05  9.86840746E-07  0.  2.42555016E-05
 -6.35679498E-07  2.3180516E-07  0.  4.53965276E-06 67220
  8274.11426 -1.15795374E-05  9.87200792E-07  0.  2.41194721E-05
 -7.32014996E-07  2.21221896E-07  0.  4.51419373E-06 67220
  8323.12012 -1.31840461E-05  9.83441964E-07  0.  2.39838992E-05
 -3.75611307E-07  2.1813544E-07  0.  4.48881974E-06 67220
  8372.12305 -1.27394233E-05  9.42742531E-07  0.  2.38487701E-05
 -9.48050001E-07  2.24005859E-07  0.  4.46352851E-06 67220
  8421.12891 -1.09379253E-05  9.47336218E-07  0.  2.37140775E-05
 -7.90349986E-07  2.10447112E-07  0.  4.43831959E-06 67220
  8470.1377 -9.44684507E-06  9.80587629E-07  0.  2.3579827E-05 -8.69438736E-07
  2.12480728E-07  0.  4.41319389E-06 67220
  8519.14062 -1.08935419E-05  1.00393936E-06  0.  2.34460385E-05
 -4.25043254E-07  2.09868404E-07  0.  4.38815459E-06 67220
  8568.14648 -1.06610933E-05  9.66361654E-07  0.  2.33126812E-05
 -7.53602762E-07  2.1790359E-07  0.  4.36319488E-06 67220
  8617.15332 -8.58751082E-06  9.66733069E-07  0.  2.31797658E-05 -3.9864517E-07
  2.09810835E-07  0.  4.33831838E-06 67220
  8666.15723 -1.16507945E-05  1.00072896E-06  0.  2.30472997E-05
 -7.10637323E-07  2.15930839E-07  0.  4.31352601E-06 67220
  8715.16406 -1.10244691E-05  9.29175542E-07  0.  2.29152647E-05
 -1.80687493E-07  2.08353498E-07  0.  4.28881413E-06 67220
  8764.16602 -1.04906903E-05  9.36368906E-07  0.  2.27836645E-05
 -8.26457836E-09  2.18733746E-07  0.  4.26418455E-06 67220
  8813.17188 -8.41228029E-06  9.43283965E-07  0.  2.26525135E-05
  5.44422619E-07  2.21661679E-07  0.  4.2396382E-06 67220
  8862.18164 -9.79534889E-06  9.79514311E-07  0.  2.25217736E-05
 -4.34330104E-07  2.31533022E-07  0.  4.21516916E-06 67220
  8911.18359 -9.99493204E-06  9.42932388E-07  0.  2.23914958E-05
 -5.01026989E-07  2.08964366E-07  0.  4.19078606E-06 67220
  8960.18945 -8.0189493E-06  9.34099376E-07  0.  2.22616382E-05 -3.10149517E-07
  2.06424232E-07  0.  4.16648209E-06 67220
  9009.19434 -5.04522905E-06  9.72835437E-07  0.  2.21322098E-05
  9.92822606E-08  2.09661223E-07  0.  4.14225815E-06 67220
  9058.19922 -9.59643148E-06  1.02496301E-06  0.  2.20032271E-05
 -2.01213879E-07  2.17040039E-07  0.  4.11811789E-06 67220
  9107.20801 -8.37451807E-06  9.22237177E-07  0.  2.18746573E-05
  3.71946953E-08  2.09467913E-07  0.  4.09405493E-06 67220
  9156.20898 -9.43238047E-06  9.40599534E-07  0.  2.17465349E-05  2.8802333E-07
  2.1361538E-07  0.  4.07007519E-06 67220
  9205.2168 -7.92255742E-06  9.12994096E-07  0.  2.16188309E-05  3.64954758E-07
  2.17894438E-07  0.  4.04617458E-06 67220
  9254.22363 -8.09022822E-06  9.38602909E-07  0.  2.14915581E-05
  5.46147021E-07  2.18478675E-07  0.  4.02235401E-06 67220
  9303.22656 -7.80812479E-06  9.28749728E-07  0.  2.13647236E-05
  3.07450136E-07  2.20987729E-07  0.  3.99861528E-06 67220
  9352.23438 -7.2279945E-06  9.28882969E-07  0.  2.12382965E-05  2.88896445E-07
  2.14544841E-07  0.  3.97495342E-06 67220
  9401.23535 -9.3546405E-06  9.32385205E-07  0.  2.1112317E-05  6.77875505E-07
  2.13230081E-07  0.  3.95137522E-06 67220
  9450.24219 -8.17343243E-06  8.81668257E-07  0.  2.09867594E-05
  7.90159902E-07  2.20575174E-07  0.  3.9278757E-06 67220
  9499.25195 -6.4001797E-06  9.02402746E-07  0.  2.08616111E-05  4.06171239E-08
  2.21152348E-07  0.  3.90445302E-06 67220
  9548.25293 -9.10292511E-06  9.30959857E-07  0.  2.07369085E-05
  4.35334186E-07  2.03969563E-07  0.  3.88111403E-06 67220
  9597.25977 -6.46234912E-06  8.69480459E-07  0.  2.06126188E-05
  8.60457476E-07  2.11694015E-07  0.  3.85785233E-06 67220
  9646.26465 -6.26377732E-06  9.19995841E-07  0.  2.0488751E-05  6.78234755E-07
  2.19611636E-07  0.  3.83466931E-06 67220
  9695.26953 -7.70650149E-06  9.16276235E-07  0.  2.03653199E-05
  4.09369932E-07  2.14211653E-07  0.  3.81156769E-06 67220
  9744.27832 -5.66140443E-06  8.81119263E-07  0.  2.02423053E-05 -2.5638019E-07
  2.06559477E-07  0.  3.78854429E-06 67220
  9793.27832 -6.30172508E-06  9.18047874E-07  0.  2.01197308E-05
 -1.42693352E-07  1.91009192E-07  0.  3.76560297E-06 67220
  9842.28613 -5.57993553E-06  8.98727819E-07  0.  1.99975639E-05
  3.73041075E-07  1.92721245E-07  0.  3.7427385E-06 67220
  9891.29492 -7.17566581E-06  9.06192042E-07  0.  1.98758062E-05
 -2.50131052E-07  2.02204234E-07  0.  3.71994997E-06 67220
  9940.2959 -4.20542347E-06  8.68701704E-07  0.  1.9754505E-05  7.50839718E-07
  1.88295829E-07  0.  3.69724762E-06 67220
  9989.30371 -6.74594412E-06  9.23629273E-07  0.  1.96336077E-05
  5.97256076E-07  2.08820893E-07  0.  3.67462053E-06 67220
  10038.3066 -2.83001646E-06  8.66734524E-07  0.  1.95131433E-05
  1.39005351E-07  2.0390533E-07  0.  3.65207438E-06 67220
  10087.3125 -3.25234578E-06  9.44515591E-07  0.  1.93930828E-05
  1.00893158E-06  1.93447619E-07  0.  3.6296035E-06 67220
  10136.3223 -5.05042408E-06  9.27345695E-07  0.  1.92734515E-05
  5.73854777E-07  2.10915601E-07  0.  3.60721356E-06 67220
  10185.3223 -5.12738552E-06  8.82425297E-07  0.  1.91542658E-05
  3.85682142E-07  2.0011457E-07  0.  3.58490729E-06 67220
  10234.3301 -7.411767E-06  8.72082467E-07  0.  1.90354785E-05  8.32740625E-07
  1.95214781E-07  0.  3.56267446E-06 67220
  10283.3359 -3.92247239E-06  8.20517755E-07  0.  1.89171205E-05
  8.18354238E-08  2.03164717E-07  0.  3.54052304E-06 67220
  10332.3398 -5.34657011E-06  8.88047168E-07  0.  1.87991864E-05
 -4.51614142E-07  1.85191368E-07  0.  3.51845051E-06 67220
  10381.3477 -5.4757511E-06  8.51209847E-07  0.  1.86816796E-05  2.94766323E-07
  1.73104539E-07  0.  3.49645779E-06 67220
  10430.3496 -5.36801599E-06  8.42481484E-07  0.  1.85646004E-05
  3.09794814E-07  1.8822503E-07  0.  3.47454511E-06 67220
  10479.3555 -7.79643597E-06  8.36010599E-07  0.  1.84479286E-05
  2.77230356E-07  1.87387414E-07  0.  3.45270928E-06 67220
  10528.3652 -2.55525083E-06  7.83127859E-07  0.  1.83316824E-05
 -5.82538632E-07  1.8473628E-07  0.  3.43095257E-06 67220
  10577.3662 -5.27732118E-06  8.87284841E-07  0.  1.82158765E-05
  2.90898242E-07  1.65708869E-07  0.  3.40927841E-06 67220
  10626.373 -6.29989154E-06  8.21683102E-07  0.  1.81004798E-05  4.02140358E-07
  1.83692777E-07  0.  3.38768086E-06 67220
  10675.376 -1.38293399E-06  7.98496217E-07  0.  1.79855124E-05  4.3277214E-07
  1.85020298E-07  0.  3.36616336E-06 67220
  10724.3838 -1.88620834E-06  8.98239875E-07  0.  1.78709706E-05
  4.31456101E-07  1.84569743E-07  0.  3.34472588E-06 67220
  10773.3916 -5.18469096E-06  8.77979005E-07  0.  1.77568454E-05
  1.58636794E-07  1.831947E-07  0.  3.32336617E-06 67220
  10822.3916 -3.12436896E-06  8.03255148E-07  0.  1.76431622E-05
  5.74436854E-08  1.76062073E-07  0.  3.30208945E-06 67220
  10871.3994 -2.04913522E-06  8.42839086E-07  0.  1.75298919E-05
  2.00084287E-07  1.72878543E-07  0.  3.28088981E-06 67220
  10920.4072 -2.01451621E-06  8.60224191E-07  0.  1.74170527E-05
  4.18647687E-07  1.7506386E-07  0.  3.25977044E-06 67220
  10969.4102 -2.0806765E-06  8.55082362E-07  0.  1.73046374E-05 -3.19386345E-07
  1.78056439E-07  0.  3.23873132E-06 67220
  11018.417  1.46281309E-06  8.51030563E-07  0.  1.71926458E-05 -8.24446943E-07
  1.60450526E-07  0.  3.21777111E-06 67220
  11067.4189  1.62894139E-07  9.20769139E-07  0.  1.70810872E-05
 -5.77058017E-07  1.48667567E-07  0.  3.19689116E-06 67220
  11116.4258 -1.63993172E-06  8.85160887E-07  0.  1.69699651E-05
  6.22449079E-08  1.53500153E-07  0.  3.17609397E-06 67220
  11165.4346  2.01365401E-06  8.43748239E-07  0.  1.68592505E-05
 -5.08835456E-07  1.65790112E-07  0.  3.1553725E-06 67220
  11214.4355 -7.50722393E-07  9.14570023E-07  0.  1.67489707E-05
  1.04999799E-07  1.52862967E-07  0.  3.13473265E-06 67220
  11263.4443 -4.49068466E-06  8.45244017E-07  0.  1.66391164E-05
  5.92468496E-07  1.65540527E-07  0.  3.11417261E-06 67220
  11312.4473 -1.23770587E-06  7.62251261E-07  0.  1.65297042E-05
  2.70274086E-07  1.7483157E-07  0.  3.09369489E-06 67220
  11361.4531  1.99490023E-06  8.29717465E-07  0.  1.64207213E-05
  3.38191057E-08  1.66547778E-07  0.  3.07329765E-06 67220
  11410.4609 -3.3820761E-06  8.88664204E-07  0.  1.63121531E-05 -3.57153112E-07
  1.59987295E-07  0.  3.05297817E-06 67220
  11459.4609 -2.57548527E-06  7.68058612E-07  0.  1.62040433E-05
  1.61603566E-08  1.5077481E-07  0.  3.03274442E-06 67220
  11508.4697  5.2530595E-07  7.82713414E-07  0.  1.60963427E-05 -9.11166353E-07
  1.56913671E-07  0.  3.01258683E-06 67220
  11557.4766 -1.3310455E-06  8.42462498E-07  0.  1.59890697E-05 -5.40973815E-07
  1.36170698E-07  0.  2.99250974E-06 67220
  11606.4795 -1.35601658E-06  7.96817972E-07  0.  1.58822459E-05
 -7.38384642E-07  1.42959053E-07  0.  2.97251654E-06 67220
  11655.4873 -6.8351801E-07  7.91399657E-07  0.  1.57758441E-05 -3.28500846E-07
  1.3802476E-07  0.  2.95260247E-06 67220
  11704.4893  1.25798397E-06  8.02184786E-07  0.  1.56698898E-05
 -6.43567091E-07  1.45582831E-07  0.  2.9327723E-06 67220
  11753.4951  7.36268703E-07  8.38283427E-07  0.  1.55643647E-05
 -9.93100002E-08  1.38213352E-07  0.  2.91302194E-06 67220
  11802.5059 -1.50537744E-06  8.1937344E-07  0.  1.54592526E-05  4.73476575E-07
  1.49484947E-07  0.  2.89334957E-06 67220
  11851.5049 -1.02229387E-06  7.66014296E-07  0.  1.53546189E-05
 -8.45891918E-07  1.5963424E-07  0.  2.87376588E-06 67220
  11900.5127  1.35109804E-06  7.73174918E-07  0.  1.52503926E-05
  5.44043814E-07  1.31217007E-07  0.  2.85425904E-06 67220
  11949.5186 -8.94335244E-07  8.17063778E-07  0.  1.51466074E-05
  4.94070719E-07  1.60476262E-07  0.  2.83483473E-06 67220
  11998.5225 -2.75516504E-06  7.61318915E-07  0.  1.50432643E-05
  4.09218501E-07  1.58308595E-07  0.  2.81549319E-06 67220
