#Searching for target HESS J1731-347 => (Ra = 262.979, Dec = -34.71)
#Searching for (Ra = 262.979, Dec = -34.71)
#Run list
#=================
20876
20901
20941
20957
20960
20961
20962
21217
21218
21239
21240
21241
21242
21243
21271
21326
21344
21375
21393
21406
21409
25089
25090
25099
25100
25107
25108
25215
25216
25217
25524
25583
25584
25992
33108
33109
33112
33139
33140
33141
33158
33163
33164
33165
33166
33185
33189
33190
33191
33192
33193
33228
33230
40078
40079
40094
40095
40096
40097
40118
40135
40136
40137
40138
40164
40180
40181
40182
40183
40224
40257
40258
40259
40260
40261
40292
40320
40321
40322
40354
40355
40356
40379
40380
40381
40409
40410
40440
40441
40464
40465
41035
52030
52085
52108
52128
52129
52130
52149
52150
52151
52152
52164
52357
52373
52374
52375
52389
52390
52391
52410
52411
52429
52467
52468
52469
52491
52492
52523
52524
52525
52547
52548
52549
52572
52573
52574
52596
52597
52598
52623
52624
52625
52649
52650
52964
52965
52966
52967
53004
53005
53006
53007
53022
53023
53024
53025
53043
53044
53045
53071
53094
53122
53123
53124
53143
53144
53145
53172
53173
53174
53204
53205
83913
83917
83999
84000
84001
84042
84043
84044
84045
84046
84087
84088
84089
84090
84091
84092
84093
84094
84095
84142
84146
84149
84154
84159
84165
84166
84216
84232
84307
84314
84316
84318
84320
84357
84361
84366
84436
84437
84438
84439
84440
84487
84527
85988
85989
86071
86126
86218
86219
86220
86982
86983
87005
87010
87377
87382
87969
87974
88067
