2000      0.009949  
2320      0.023824  
2500      0.030651  
3000      0.046687  
3600      0.061237  
4000      0.069228  
5000      0.086165  
6000      0.102761  
7000      0.116839  
8000      0.127817  
9000      0.135934  
10000     0.142387  
11000     0.147788  
12000     0.152452  
14000     0.160169  
16000     0.166173  
18000     0.171263  
20000     0.176243  
23000     0.182825  
26000     0.188483  
30000     0.194296  
35000     0.198695  
40000     0.200683  
45000     0.201365  
50000     0.201662  
70000     0.201836  
100000    0.201854  
