2000        0.022949
2320        0.056226
2500        0.073317
3000        0.115691
3600        0.158329
4000        0.18351
5000        0.239845
6000        0.292628
7000        0.338888
8000        0.377953
9000        0.410302
10000       0.437933
11000       0.462065
12000       0.483302
14000       0.518417
16000       0.545546
18000       0.566162
20000       0.581427
23000       0.596565
26000       0.60548
30000       0.61219
35000       0.616441
40000       0.618399
45000       0.619339
50000       0.619804
70000       0.620292
100000      0.620327
