%-----------------------------------
%Comes from Pablo Ristori simulations
% with OSLOEDU645
% ask for ToGeorgesFromPablo.zip
%Diameter         =     1.000 mm
%Divergence       =  1000.000 urad
%Bin Size         =     7.500 m
%Number of Points =   500
%Number of rays   =    10
%-----------------------------------
    7.500	      0.00000000e+00
   15.000	      0.00000000e+00
   22.500	      0.00000000e+00
   30.000	      0.00000000e+00
   37.500	      0.00000000e+00
   45.000	      0.00000000e+00
   52.500	      0.00000000e+00
   60.000	      0.00000000e+00
   67.500	      0.00000000e+00
   75.000	      0.00000000e+00
   82.500	      0.00000000e+00
   90.000	      0.00000000e+00
   97.500	      0.00000000e+00
  105.000	      9.33706816e-03
  112.500	      9.33706816e-03
  120.000	      4.66853408e-02
  127.500	      1.40056022e-01
  135.000	      1.49393091e-01
  142.500	      2.14752568e-01
  150.000	      4.01493931e-01
  157.500	      5.22875817e-01
  165.000	      6.90943044e-01
  172.500	      8.77684407e-01
  180.000	      1.05508870e+00
  187.500	      1.20448179e+00
  195.000	      1.40056022e+00
  202.500	      1.66199813e+00
  210.000	      1.84873950e+00
  217.500	      2.40896359e+00
  225.000	      2.55835668e+00
  232.500	      2.96918768e+00
  240.000	      3.31465920e+00
  247.500	      3.74416433e+00
  255.000	      3.92156863e+00
  262.500	      4.50046685e+00
  270.000	      5.18207283e+00
  277.500	      5.33146592e+00
  285.000	      5.97572362e+00
  292.500	      6.14379085e+00
  300.000	      7.18954248e+00
  307.500	      7.46965453e+00
  315.000	      8.26330532e+00
  322.500	      8.70214753e+00
  330.000	      9.43977591e+00
  337.500	      1.01680672e+01
  345.000	      1.14285714e+01
  352.500	      1.09617180e+01
  360.000	      1.18674136e+01
  367.500	      1.23996265e+01
  375.000	      1.34547152e+01
  382.500	      1.36227824e+01
  390.000	      1.44257703e+01
  397.500	      1.59010271e+01
  405.000	      1.67133520e+01
  412.500	      1.70494865e+01
  420.000	      1.79271709e+01
  427.500	      1.94584500e+01
  435.000	      1.96078431e+01
  442.500	      2.10924370e+01
  450.000	      2.09243697e+01
  457.500	      2.24089636e+01
  465.000	      2.28011204e+01
  472.500	      2.39589169e+01
  480.000	      2.46685341e+01
  487.500	      2.62931839e+01
  495.000	      2.67787115e+01
  502.500	      2.80018674e+01
  510.000	      2.86461251e+01
  517.500	      2.94397759e+01
  525.000	      3.05695612e+01
  532.500	      3.12418301e+01
  540.000	      3.30252101e+01
  547.500	      3.46311858e+01
  555.000	      3.50700280e+01
  562.500	      3.54995331e+01
  570.000	      3.63211951e+01
  577.500	      3.65732960e+01
  585.000	      3.83473389e+01
  592.500	      3.95424837e+01
  600.000	      3.99253035e+01
  607.500	      4.09430439e+01
  615.000	      4.29225023e+01
  622.500	      4.32306256e+01
  630.000	      4.40802988e+01
  637.500	      4.52100840e+01
  645.000	      4.50420168e+01
  652.500	      4.62278245e+01
  660.000	      4.64985994e+01
  667.500	      4.77124183e+01
  675.000	      4.92717087e+01
  682.500	      4.97385621e+01
  690.000	      5.01213819e+01
  697.500	      5.05602241e+01
  705.000	      5.17366947e+01
  712.500	      5.21848739e+01
  720.000	      5.27637722e+01
  727.500	      5.38375350e+01
  735.000	      5.47619048e+01
  742.500	      5.54061625e+01
  750.000	      5.59103641e+01
  757.500	      5.67600373e+01
  765.000	      5.77310924e+01
  772.500	      5.78338002e+01
  780.000	      5.81979458e+01
  787.500	      5.86367880e+01
  795.000	      5.99439776e+01
  802.500	      6.02801120e+01
  810.000	      6.06629318e+01
  817.500	      6.12605042e+01
  825.000	      6.14192344e+01
  832.500	      6.27824463e+01
  840.000	      6.27264239e+01
  847.500	      6.36788049e+01
  855.000	      6.40616246e+01
  862.500	      6.47058824e+01
  870.000	      6.51914099e+01
  877.500	      6.51633987e+01
  885.000	      6.63492063e+01
  892.500	      6.64799253e+01
  900.000	      6.76750700e+01
  907.500	      6.77124183e+01
  915.000	      6.75723623e+01
  922.500	      6.83286648e+01
  930.000	      6.92530345e+01
  937.500	      6.96171802e+01
  945.000	      6.95985061e+01
  952.500	      7.05042017e+01
  960.000	      7.04388422e+01
  967.500	      7.11484594e+01
  975.000	      7.12418301e+01
  982.500	      7.19981326e+01
  990.000	      7.25490196e+01
  997.500	      7.26704015e+01
 1005.000	      7.22782446e+01
 1012.500	      7.32119514e+01
 1020.000	      7.37441643e+01
 1027.500	      7.46498599e+01
 1035.000	      7.48085901e+01
 1042.500	      7.46311858e+01
 1050.000	      7.51353875e+01
 1057.500	      7.53781513e+01
 1065.000	      7.53221289e+01
 1072.500	      7.65732960e+01
 1080.000	      7.63398693e+01
 1087.500	      7.65639589e+01
 1095.000	      7.73202614e+01
 1102.500	      7.75350140e+01
 1110.000	      7.78991597e+01
 1117.500	      7.80205415e+01
 1125.000	      7.80859010e+01
 1132.500	      7.92810458e+01
 1140.000	      7.94024276e+01
 1147.500	      7.92530345e+01
 1155.000	      7.95891690e+01
 1162.500	      7.96451914e+01
 1170.000	      8.02987862e+01
 1177.500	      8.02521008e+01
 1185.000	      8.08870215e+01
 1192.500	      8.06349206e+01
 1200.000	      8.12605042e+01
 1207.500	      8.21942110e+01
 1215.000	      8.16900093e+01
 1222.500	      8.23342670e+01
 1230.000	      8.26423903e+01
 1237.500	      8.23529412e+01
 1245.000	      8.24836601e+01
 1252.500	      8.27917834e+01
 1260.000	      8.33520075e+01
 1267.500	      8.33520075e+01
 1275.000	      8.34080299e+01
 1282.500	      8.36974790e+01
 1290.000	      8.41923436e+01
 1297.500	      8.44537815e+01
 1305.000	      8.44631186e+01
 1312.500	      8.48179272e+01
 1320.000	      8.48739496e+01
 1327.500	      8.49019608e+01
 1335.000	      8.54435107e+01
 1342.500	      8.59010271e+01
 1350.000	      8.58263305e+01
 1357.500	      8.55929038e+01
 1365.000	      8.59943978e+01
 1372.500	      8.66013072e+01
 1380.000	      8.67133520e+01
 1387.500	      8.65266106e+01
 1395.000	      8.68720822e+01
 1402.500	      8.73576097e+01
 1410.000	      8.75350140e+01
 1417.500	      8.72735761e+01
 1425.000	      8.78057890e+01
 1432.500	      8.77404295e+01
 1440.000	      8.77217554e+01
 1447.500	      8.78804855e+01
 1455.000	      8.78151261e+01
 1462.500	      8.86087768e+01
 1470.000	      8.83940243e+01
 1477.500	      8.87955182e+01
 1485.000	      8.89075630e+01
 1492.500	      8.91409897e+01
 1500.000	      8.91690009e+01
 1507.500	      8.95051354e+01
 1515.000	      8.95238095e+01
 1522.500	      8.95331466e+01
 1530.000	      8.99719888e+01
 1537.500	      9.01774043e+01
 1545.000	      8.97292250e+01
 1552.500	      9.01213819e+01
 1560.000	      9.03548086e+01
 1567.500	      9.04295051e+01
 1575.000	      9.07376284e+01
 1582.500	      9.04948646e+01
 1590.000	      9.06162465e+01
 1597.500	      9.11577965e+01
 1605.000	      9.09990663e+01
 1612.500	      9.14565826e+01
 1620.000	      9.15499533e+01
 1627.500	      9.15312792e+01
 1635.000	      9.16619981e+01
 1642.500	      9.20821662e+01
 1650.000	      9.21195145e+01
 1657.500	      9.21381886e+01
 1665.000	      9.17460317e+01
 1672.500	      9.23809524e+01
 1680.000	      9.23529412e+01
 1687.500	      9.27731092e+01
 1695.000	      9.26330532e+01
 1702.500	      9.27544351e+01
 1710.000	      9.30345472e+01
 1717.500	      9.30905696e+01
 1725.000	      9.28571429e+01
 1732.500	      9.28944911e+01
 1740.000	      9.31465920e+01
 1747.500	      9.33613445e+01
 1755.000	      9.32212885e+01
 1762.500	      9.33706816e+01
 1770.000	      9.36041083e+01
 1777.500	      9.36041083e+01
 1785.000	      9.38935574e+01
 1792.500	      9.40056022e+01
 1800.000	      9.40242764e+01
 1807.500	      9.40896359e+01
 1815.000	      9.40989729e+01
 1822.500	      9.44351074e+01
 1830.000	      9.47152194e+01
 1837.500	      9.46031746e+01
 1845.000	      9.47338936e+01
 1852.500	      9.45098039e+01
 1860.000	      9.43697479e+01
 1867.500	      9.47619048e+01
 1875.000	      9.48179272e+01
 1882.500	      9.49859944e+01
 1890.000	      9.49112979e+01
 1897.500	      9.49859944e+01
 1905.000	      9.47805789e+01
 1912.500	      9.47619048e+01
 1920.000	      9.52567694e+01
 1927.500	      9.48926237e+01
 1935.000	      9.50326797e+01
 1942.500	      9.53127918e+01
 1950.000	      9.55555556e+01
 1957.500	      9.50233427e+01
 1965.000	      9.52007470e+01
 1972.500	      9.59103641e+01
 1980.000	      9.58450047e+01
 1987.500	      9.62091503e+01
 1995.000	      9.59570495e+01
 2002.500	      9.57049486e+01
 2010.000	      9.59290383e+01
 2017.500	      9.60784314e+01
 2025.000	      9.60224090e+01
 2032.500	      9.58916900e+01
 2040.000	      9.61624650e+01
 2047.500	      9.65546218e+01
 2055.000	      9.62651727e+01
 2062.500	      9.65826331e+01
 2070.000	      9.69000934e+01
 2077.500	      9.63025210e+01
 2085.000	      9.64332400e+01
 2092.500	      9.68160598e+01
 2100.000	      9.68253968e+01
 2107.500	      9.65732960e+01
 2115.000	      9.69467787e+01
 2122.500	      9.69841270e+01
 2130.000	      9.66946779e+01
 2137.500	      9.67693744e+01
 2145.000	      9.69374416e+01
 2152.500	      9.71148459e+01
 2160.000	      9.70028011e+01
 2167.500	      9.71708683e+01
 2175.000	      9.70308123e+01
 2182.500	      9.71521942e+01
 2190.000	      9.70588235e+01
 2197.500	      9.74696545e+01
 2205.000	      9.72549020e+01
 2212.500	      9.72362278e+01
 2220.000	      9.76190476e+01
 2227.500	      9.72642390e+01
 2235.000	      9.75910364e+01
 2242.500	      9.75630252e+01
 2250.000	      9.73109244e+01
 2257.500	      9.75723623e+01
 2265.000	      9.75910364e+01
 2272.500	      9.75536881e+01
 2280.000	      9.76844071e+01
 2287.500	      9.75256769e+01
 2295.000	      9.75723623e+01
 2302.500	      9.77404295e+01
 2310.000	      9.79178338e+01
 2317.500	      9.78057890e+01
 2325.000	      9.78618114e+01
 2332.500	      9.77871148e+01
 2340.000	      9.78244631e+01
 2347.500	      9.79458450e+01
 2355.000	      9.79084967e+01
 2362.500	      9.78804855e+01
 2370.000	      9.78431373e+01
 2377.500	      9.77404295e+01
 2385.000	      9.77684407e+01
 2392.500	      9.78524743e+01
 2400.000	      9.82166200e+01
 2407.500	      9.79738562e+01
 2415.000	      9.79365079e+01
 2422.500	      9.81419234e+01
 2430.000	      9.80112045e+01
 2437.500	      9.80298786e+01
 2445.000	      9.79271709e+01
 2452.500	      9.79271709e+01
 2460.000	      9.81699346e+01
 2467.500	      9.81886088e+01
 2475.000	      9.81886088e+01
 2482.500	      9.78711485e+01
 2490.000	      9.80112045e+01
 2497.500	      9.80485528e+01
 2505.000	      9.79831933e+01
 2512.500	      9.81139122e+01
 2520.000	      9.80205415e+01
 2527.500	      9.82726424e+01
 2535.000	      9.81979458e+01
 2542.500	      9.81886088e+01
 2550.000	      9.81232493e+01
 2557.500	      9.81232493e+01
 2565.000	      9.79738562e+01
 2572.500	      9.82259570e+01
 2580.000	      9.83566760e+01
 2587.500	      9.80672269e+01
 2595.000	      9.81325864e+01
 2602.500	      9.78711485e+01
 2610.000	      9.80672269e+01
 2617.500	      9.81139122e+01
 2625.000	      9.81232493e+01
 2632.500	      9.81512605e+01
 2640.000	      9.83473389e+01
 2647.500	      9.81419234e+01
 2655.000	      9.81512605e+01
 2662.500	      9.78711485e+01
 2670.000	      9.77871148e+01
 2677.500	      9.81699346e+01
 2685.000	      9.83193277e+01
 2692.500	      9.82166200e+01
 2700.000	      9.78524743e+01
 2707.500	      9.79551821e+01
 2715.000	      9.81419234e+01
 2722.500	      9.80859010e+01
 2730.000	      9.81699346e+01
 2737.500	      9.81699346e+01
 2745.000	      9.82633053e+01
 2752.500	      9.81419234e+01
 2760.000	      9.81886088e+01
 2767.500	      9.80578898e+01
 2775.000	      9.80952381e+01
 2782.500	      9.80298786e+01
 2790.000	      9.80578898e+01
 2797.500	      9.82539683e+01
 2805.000	      9.82352941e+01
 2812.500	      9.82352941e+01
 2820.000	      9.80485528e+01
 2827.500	      9.83099907e+01
 2835.000	      9.78991597e+01
 2842.500	      9.79551821e+01
 2850.000	      9.82446312e+01
 2857.500	      9.80765640e+01
 2865.000	      9.80485528e+01
 2872.500	      9.78991597e+01
 2880.000	      9.79645191e+01
 2887.500	      9.81512605e+01
 2895.000	      9.81139122e+01
 2902.500	      9.81792717e+01
 2910.000	      9.81419234e+01
 2917.500	      9.81605976e+01
 2925.000	      9.80485528e+01
 2932.500	      9.80672269e+01
 2940.000	      9.83940243e+01
 2947.500	      9.80392157e+01
 2955.000	      9.80765640e+01
 2962.500	      9.83286648e+01
 2970.000	      9.80298786e+01
 2977.500	      9.78804855e+01
 2985.000	      9.81512605e+01
 2992.500	      9.82072829e+01
 3000.000	      9.82913165e+01
 3007.500	      9.80765640e+01
 3015.000	      9.79831933e+01
 3022.500	      9.82259570e+01
 3030.000	      9.81605976e+01
 3037.500	      9.83380019e+01
 3045.000	      9.80765640e+01
 3052.500	      9.82166200e+01
 3060.000	      9.81325864e+01
 3067.500	      9.83380019e+01
 3075.000	      9.82259570e+01
 3082.500	      9.81605976e+01
 3090.000	      9.80485528e+01
 3097.500	      9.82913165e+01
 3105.000	      9.80672269e+01
 3112.500	      9.80485528e+01
 3120.000	      9.80112045e+01
 3127.500	      9.79831933e+01
 3135.000	      9.82726424e+01
 3142.500	      9.80952381e+01
 3150.000	      9.81979458e+01
 3157.500	      9.80018674e+01
 3165.000	      9.79365079e+01
 3172.500	      9.82259570e+01
 3180.000	      9.81045752e+01
 3187.500	      9.81792717e+01
 3195.000	      9.80859010e+01
 3202.500	      9.80392157e+01
 3210.000	      9.79831933e+01
 3217.500	      9.82446312e+01
 3225.000	      9.81139122e+01
 3232.500	      9.80298786e+01
 3240.000	      9.80205415e+01
 3247.500	      9.79738562e+01
 3255.000	      9.84220355e+01
 3262.500	      9.82633053e+01
 3270.000	      9.80205415e+01
 3277.500	      9.82072829e+01
 3285.000	      9.81605976e+01
 3292.500	      9.83473389e+01
 3300.000	      9.80578898e+01
 3307.500	      9.79925303e+01
 3315.000	      9.80859010e+01
 3322.500	      9.84873950e+01
 3330.000	      9.82166200e+01
 3337.500	      9.77217554e+01
 3345.000	      9.80392157e+01
 3352.500	      9.81232493e+01
 3360.000	      9.81419234e+01
 3367.500	      9.80018674e+01
 3375.000	      9.81325864e+01
 3382.500	      9.78524743e+01
 3390.000	      9.79645191e+01
 3397.500	      9.80392157e+01
 3405.000	      9.81045752e+01
 3412.500	      9.80765640e+01
 3420.000	      9.82446312e+01
 3427.500	      9.80859010e+01
 3435.000	      9.80485528e+01
 3442.500	      9.80112045e+01
 3450.000	      9.81232493e+01
 3457.500	      9.81512605e+01
 3465.000	      9.82166200e+01
 3472.500	      9.78618114e+01
 3480.000	      9.82166200e+01
 3487.500	      9.78804855e+01
 3495.000	      9.80672269e+01
 3502.500	      9.82446312e+01
 3510.000	      9.81045752e+01
 3517.500	      9.80485528e+01
 3525.000	      9.78711485e+01
 3532.500	      9.82539683e+01
 3540.000	      9.80578898e+01
 3547.500	      9.79271709e+01
 3555.000	      9.82539683e+01
 3562.500	      9.79925303e+01
 3570.000	      9.81886088e+01
 3577.500	      9.81232493e+01
 3585.000	      9.81045752e+01
 3592.500	      9.81419234e+01
 3600.000	      9.81139122e+01
 3607.500	      9.80952381e+01
 3615.000	      9.80485528e+01
 3622.500	      9.80859010e+01
 3630.000	      9.80765640e+01
 3637.500	      9.79831933e+01
 3645.000	      9.81605976e+01
 3652.500	      9.80392157e+01
 3660.000	      9.79645191e+01
 3667.500	      9.79925303e+01
 3675.000	      9.82633053e+01
 3682.500	      9.79551821e+01
 3690.000	      9.83193277e+01
 3697.500	      9.81232493e+01
 3705.000	      9.80859010e+01
 3712.500	      9.80672269e+01
 3720.000	      9.79645191e+01
 3727.500	      9.82352941e+01
 3735.000	      9.80392157e+01
 3742.500	      9.81232493e+01
 3750.000	      9.81232493e+01
