Searching for target PKS 2155-304 => (Ra = 329.717, Dec = -30.2256)
Searching for (Ra = 329.717, Dec = -30.2256)
Searching for (Ra = 329.717, Dec = -30.2256)
Loading DB
Run list
=================
16133
16134
16135
16136
16137
16138
16139
16177
16178
16179
16180
16181
16182
16183
16184
16239
16244
16245
16246
16247
16248
16304
16305
16306
16307
16308
16309
16335
16336
16337
16338
16339
16341
16342
16344
16345
16385
16386
16387
16388
16390
16391
16392
16395
16422
16423
16424
16426
16428
16467
16469
16470
16471
16472
16520
16784
16785
16787
16789
16799
16800
16801
16802
16804
16805
16814
16815
16816
16821
16898
16949
21596
21631
21705
21706
21707
21708
21723
21724
21883
21884
21885
21886
21887
21898
21899
21900
21901
21912
21913
21914
21915
21916
21917
21919
21926
21927
21928
21929
21930
21931
21932
21933
21934
21938
21944
21945
21946
21947
21948
21949
21950
21951
21952
21953
21954
21966
21967
21968
21969
21970
21971
21975
21977
21979
21980
21981
21982
21983
21984
21985
21986
21987
21999
22000
22001
22002
22003
22004
22005
22006
22007
22008
22009
22010
22011
22012
22018
22021
22024
22025
22026
22027
22028
22029
22030
22031
22032
22033
22034
22038
22041
22044
22045
22046
22047
22048
22049
22050
22051
22052
22053
22054
22055
22058
22059
22060
22061
22062
22063
22064
22065
22066
22067
22068
22069
22070
22071
22072
22073
22074
22075
22081
22083
22084
22085
22087
22088
22089
22090
22091
22092
22093
22094
22095
22096
22097
22098
22099
22109
22110
22111
22112
22113
22114
22115
22116
22117
22118
22119
22120
22121
22122
22123
22130
22133
22136
22137
22138
22139
22140
22141
22142
22143
22144
22145
22146
22147
22153
22156
22157
22158
22159
22160
22161
22162
22163
22164
22165
22171
22172
22173
22174
22175
22176
22177
22179
22183
22184
22185
22186
22187
22188
22189
22190
22193
22194
22201
22202
22203
22204
22205
22206
22207
22208
22216
22217
22218
22219
22220
22221
22231
22232
22233
22234
22240
22241
22328
22329
22346
22364
22375
22378
22380
22386
22388
22393
22407
22410
22411
22412
22428
22430
22432
22500
22502
22523
22549
22550
23205
23221
23228
23229
23239
23240
23256
23271
28426
28427
28764
28783
28785
28786
28787
28788
28805
28806
28807
28808
28809
29364
29373
29374
29386
29387
29427
29428
29429
29442
29443
29791
29792
33218
33219
33237
33238
33262
33263
33264
33293
33294
33295
33667
33668
33671
33694
33695
33696
33697
33722
33723
33724
33725
33746
33747
33748
33764
33765
33766
33767
33768
33769
33770
33771
33772
33773
33774
33775
33787
33788
33789
33790
33791
33792
33793
33794
33795
33796
33797
33798
33799
33800
33801
33809
33810
33811
33812
33813
33814
33815
33816
33817
33818
33819
33820
33821
33822
33823
33841
33850
33853
33854
33855
33856
33868
33869
33870
33872
33873
33874
33894
33895
33896
33897
33898
33899
33900
33901
33927
33928
33929
33930
33931
33932
33990
33991
33992
33993
34004
34005
34059
34060
34079
34080
34081
34082
34113
34115
34116
34117
34138
34139
34141
34142
34164
34166
34199
34200
34225
34226
34262
34263
34264
34294
34295
34320
34321
34322
34342
34343
34344
34373
34374
34375
34402
34403
34404
34405
34446
34447
34469
34470
34491
34492
34509
34510
34785
34801
34802
34803
34804
34831
34832
34833
34855
34856
34857
34881
34882
34883
34906
34907
34908
39621
39622
39667
39668
39669
39694
39695
39696
39724
39725
39726
39753
39754
39755
39790
39791
39811
40231
40268
40331
40363
40420
40447
40471
40502
40545
40546
40808
40809
40833
40834
40887
40888
40915
40916
41015
41082
41083
41118
41138
41164
41165
41189
41978
41979
41980
45841
45842
45870
45871
45872
45900
45901
45931
45932
45933
45956
45957
45958
46330
46331
46353
46354
46355
46381
46382
46383
46406
46408
46409
46434
46435
46436
46437
46438
46462
46463
46464
46465
46488
46489
46490
47037
47077
47078
47079
47132
47133
47134
47135
47180
47181
47182
47228
47229
47230
47258
47259
47260
47289
47291
47320
47321
47322
47323
47351
47352
47353
47354
47685
47706
47723
47724
47725
47741
47742
47743
47744
47747
47748
47751
47752
47753
47770
47771
47772
47774
47775
47776
47802
47803
47804
47805
47806
47807
47808
47809
47810
47811
47812
47827
47828
47829
47830
47831
47832
47833
47834
47835
47836
47837
47855
47856
47857
47858
47859
47860
47861
47862
47863
47864
47865
47866
47888
47889
47890
47891
47892
47912
47913
47914
47915
47916
47917
47946
47947
47948
47949
47950
47973
47974
47975
47976
47977
48001
48002
48003
48004
48029
48030
48053
48054
48055
48056
48057
48070
48071
48072
48073
52061
52500
52501
52533
52558
52559
52583
52584
52608
52609
52610
52611
52612
52613
52634
52635
52659
52660
52683
52684
52703
52704
52705
52719
52720
52745
52746
52747
52764
52781
58895
58896
58946
58947
58948
58993
58994
58995
59030
59031
59099
59100
59355
59356
59357
59412
59413
59469
59470
59526
59569
59570
59571
59644
59645
59847
59848
59849
59909
59910
59971
59972
60092
60093
60094
60211
60212
60263
60264
60503
60504
60537
60576
60577
60578
60641
60838
60839
60901
60902
60935
60936
60970
60971
60972
60973
61018
61019
61020
61076
61077
61133
61134
61349
61409
61410
61424
61425
61440
61453
61456
61513
61530
65104
65105
65179
65180
65253
65254
65332
65402
65455
65456
65503
65504
65862
65863
65864
65932
65933
65934
66006
66007
66008
66074
66075
66076
66128
66129
66130
66131
66132
66133
66202
66203
66204
66205
66206
66623
66624
66674
66675
66676
66720
66721
66722
66767
66768
66769
66805
66806
66807
66808
66847
66848
67119
67120
67124
67166
67167
67168
67220
67221
67309
67310
67311
67614
67615
67695
67696
67697
67731
67732
67733
67775
67776
67823
67824
67911
67912
68335
68336
68425
68452
68453
73160
73220
73221
73222
74170
74172
74173
74258
74259
74261
74263
74353
74355
74357
74448
74450
74452
75051
75052
75053
75155
75279
75281
75413
75415
75417
75419
75544
75545
75546
75889
75890
76022
76023
76024
76025
76121
76122
76123
76124
76480
76484
77269
77270
77507
77508
77509
77587
77588
77589
77651
77686
78141
78306
78315
78510
78584
78648
78651
78692
78730
78794
78799
85494
87300
89192
89193
89398
89400
89401
89481
89487
89577
89578
89581
89925
89926
90103
90144
90146
90152
90216
90220
90222
90294
90425
