#Alt,a355,r355,a532,r532,vr2-355,vr2-532,od355,od532,Angstrom,oubli355,oublie532,RunNumber 
   2624.63525       9.08477814E-05   5.24572315E-05   3.48790854E-05   9.81787980E-06   57024.2383       52280.6445       8.99556559E-03   3.77822155E-03   1.07221663       0.00000000       0.00000000               1
   2735.47363       7.14708294E-05   5.18549168E-05   3.32962445E-05   9.70515157E-06   51747.7148       50656.5820       1.62210166E-02   7.59015605E-03  0.938698828       0.00000000       0.00000000               1
   2846.31152       5.89078700E-05   5.12614351E-05   3.54877120E-05   9.59407498E-06   47988.1602       50718.4922       2.22089179E-02   1.15120765E-02  0.812182426       0.00000000       0.00000000               1
   2957.14941       4.91400278E-05   5.06765355E-05   3.52808638E-05   9.48460547E-06   44941.7305       49728.7969       2.73214467E-02   1.53676942E-02  0.711208820       0.00000000       0.00000000               1
   3067.98779       4.31119115E-05   5.00999777E-05   3.42910353E-05   9.37669847E-06   42661.2305       48430.3047       3.15902047E-02   1.91105604E-02  0.621228874       0.00000000       0.00000000               1
   3178.82568       3.39151447E-05   4.95315398E-05   3.32466225E-05   9.27030851E-06   40066.7070       47146.3242       3.51267643E-02   2.27553546E-02  0.536632061       0.00000000       0.00000000               1
   3289.66382       2.98996893E-05   4.89710001E-05   3.25212604E-05   9.16539830E-06   38376.9531       46032.3164       3.82536203E-02   2.64152903E-02  0.457690656       0.00000000       0.00000000               1
   3400.50195       2.65223644E-05   4.84181437E-05   3.35198274E-05   9.06192508E-06   36866.1406       45660.3242       4.10420410E-02   3.00859120E-02  0.383832216       0.00000000       0.00000000               1
   3511.33984       2.37929053E-05   4.78727525E-05   3.27142188E-05   8.95985067E-06   35520.0938       44548.9531       4.36250903E-02   3.37251574E-02  0.318136007       0.00000000       0.00000000               1
   3622.17798       2.28164718E-05   4.73346481E-05   3.29535105E-05   8.85913960E-06   34473.9961       43891.4570       4.60426547E-02   3.73646654E-02  0.258132815       0.00000000       0.00000000               1
   3733.01636       2.08067358E-05   4.68036233E-05   3.27188609E-05   8.75975184E-06   33330.4961       43055.0312       4.82466333E-02   4.09493409E-02  0.202694535       0.00000000       0.00000000               1
   3843.85449       1.89625716E-05   4.62794997E-05   3.19641840E-05   8.66165738E-06   32258.0508       42030.6797       5.03350496E-02   4.42896634E-02  0.158148587       0.00000000       0.00000000               1
   3954.69214       1.87216792E-05   4.57620918E-05   2.83099798E-05   8.56481893E-06   31437.5859       39888.3125       5.24231941E-02   4.75317016E-02  0.121070541       0.00000000       0.00000000               1
   4065.53052       1.89573911E-05   4.52512104E-05   3.01902983E-05   8.46920284E-06   30703.8809       39984.0625       5.44895865E-02   5.09009063E-02   8.42083171E-02   0.00000000       0.00000000               1
   4176.36865       1.83293014E-05   4.47466919E-05   3.06047150E-05   8.37477910E-06   29881.9336       39494.3398       5.64541034E-02   5.42285144E-02   4.97138761E-02   0.00000000       0.00000000               1
   4287.20654       1.71191787E-05   4.42484125E-05   2.94398778E-05   8.28151951E-06   29015.9746       38402.9766       5.84626049E-02   5.74883185E-02   2.07718611E-02   0.00000000       0.00000000               1
   4398.04492       1.91228319E-05   4.37561612E-05   2.93809499E-05   8.18939134E-06   28575.3457       37763.7930       6.06066845E-02   6.07927740E-02  -3.78931547E-03   0.00000000       0.00000000               1
   4508.88281       1.95657340E-05   4.32698071E-05   3.02458866E-05   8.09836547E-06   27947.2754       37487.3008       6.28602579E-02   6.41941503E-02  -2.59537753E-02   0.00000000       0.00000000               1
   4619.72070       2.10985891E-05   4.27892155E-05   3.11298572E-05   8.00841735E-06   27464.3086       37216.9609       6.51117712E-02   6.76180497E-02  -4.66837883E-02   0.00000000       0.00000000               1
   4730.55908       1.95284229E-05   4.23142228E-05   3.06520451E-05   7.91951788E-06   26622.4980       36438.3438       6.76110610E-02   7.11875632E-02  -6.37123585E-02   0.00000000       0.00000000               1
   4841.39746       2.55694613E-05   4.18447016E-05   3.37573001E-05   7.83164160E-06   26693.8223       37000.4844       7.02379793E-02   7.50153735E-02  -8.13346356E-02   0.00000000       0.00000000               1
   4952.23535       2.18316709E-05   4.13805101E-05   3.53130963E-05   7.74476393E-06   25614.3301       36961.6328       7.16832429E-02   7.78146237E-02 -0.101442732       0.00000000       0.00000000               1
   5063.07324       4.24726750E-06   4.09215136E-05   1.51976128E-05   7.65885852E-06   23025.9883       29049.5781       7.20595568E-02   7.89223760E-02 -0.112442583       0.00000000       0.00000000               1
   5173.91113       2.54304905E-06   4.04676030E-05   4.79106529E-06   7.57390490E-06   22359.4707       24874.2676       7.19956532E-02   7.94129968E-02 -0.121199116       0.00000000       0.00000000               1
   5284.74951      -3.69620102E-06   4.00186436E-05   4.06183244E-06   7.48987804E-06   21214.0742       24286.7734       7.17632249E-02   7.98327401E-02 -0.131711751       0.00000000       0.00000000               1
   5395.58789      -4.97762812E-07   3.95745228E-05   3.51210474E-06   7.40675569E-06   21158.4707       23774.0176       7.09706023E-02   8.02044049E-02 -0.151180431       0.00000000       0.00000000               1
   5506.42578      -1.38045871E-05   3.91351350E-05   3.19434184E-06   7.32452054E-06   19289.9727       23353.1445       6.95293024E-02   8.05782080E-02 -0.182287484       0.00000000       0.00000000               1
   5617.26367      -1.22027850E-05   3.87003493E-05   3.55063821E-06   7.24314668E-06   19126.8184       23180.9414       6.81009516E-02   8.10115784E-02 -0.214573413       0.00000000       0.00000000               1
   5728.10156      -1.35708542E-05   3.82700819E-05   4.26926636E-06   7.16261775E-06   18641.2090       23140.4141       6.66228533E-02   8.14340189E-02 -0.248124495       0.00000000       0.00000000               1
   5838.93945      -1.31005654E-05   3.78442091E-05   3.35344157E-06   7.08291145E-06   18367.8789       22514.8555       6.51746243E-02   8.16281512E-02 -0.278232008       0.00000000       0.00000000               1
   5949.77783      -1.30316912E-05   3.74226402E-05   1.49604602E-07   7.00401142E-06   18056.0703       21082.8066       6.36699498E-02   8.18390772E-02 -0.310292006       0.00000000       0.00000000               1
   6060.61621      -1.41190831E-05   3.70052840E-05   3.65635424E-06   6.92589856E-06   17627.5371       22064.9805       6.24545254E-02   8.22695121E-02 -0.340598792       0.00000000       0.00000000               1
   6171.45410      -7.81250128E-06   3.65920350E-05   4.11054862E-06   6.84855468E-06   17994.1680       21943.6406       6.12797551E-02   8.26878920E-02 -0.370339453       0.00000000       0.00000000               1
   6282.29248      -1.33853900E-05   3.61828024E-05   3.43884312E-06   6.77196294E-06   17084.4023       21424.0098       5.97764887E-02   8.31045732E-02 -0.407251447       0.00000000       0.00000000               1
   6393.13037      -1.37400930E-05   3.57775170E-05   4.07985863E-06   6.69611018E-06   16755.3418       21376.7969       5.85107096E-02   8.35103467E-02 -0.439725727       0.00000000       0.00000000               1
   6503.96875      -9.09998198E-06   3.53760806E-05   3.24207213E-06   6.62097727E-06   16954.8184       20807.2246       5.72853833E-02   8.39274824E-02 -0.472043723       0.00000000       0.00000000               1
   6614.80615      -1.30103435E-05   3.49784168E-05   4.28486237E-06   6.54655059E-06   16251.1377       20908.7578       5.58507517E-02   8.42813626E-02 -0.508592904       0.00000000       0.00000000               1
   6725.64404      -1.28766551E-05   3.45844310E-05   2.10064536E-06   6.47281240E-06   15989.0342       19873.2793       5.47117069E-02   8.45342204E-02 -0.537764072       0.00000000       0.00000000               1
   6836.48242      -7.67661550E-06   3.41940613E-05   2.46195850E-06   6.39975087E-06   16252.3350       19746.9434       5.41307591E-02   8.47168863E-02 -0.553626657       0.00000000       0.00000000               1
   6947.32080      -2.80614768E-06   3.38072423E-05   8.34177627E-07   6.32735373E-06   16462.9141       18925.0645       5.37850410E-02   8.49912316E-02 -0.565542281       0.00000000       0.00000000               1
   7058.15918      -3.43206921E-06   3.34238794E-05   4.11624205E-06   6.25560415E-06   16098.6250       19831.8516       5.30992150E-02   8.53761882E-02 -0.586990058       0.00000000       0.00000000               1
   7168.99658      -8.94327241E-06   3.30439143E-05   2.83006375E-06   6.18448939E-06   15251.4482       19129.3105       5.18850945E-02   8.58929530E-02 -0.623038590       0.00000000       0.00000000               1
   7279.83447      -1.29647815E-05   3.26672853E-05   6.49459980E-06   6.11399992E-06   14583.8896       20160.3809       5.08513115E-02   8.63284916E-02 -0.654165804       0.00000000       0.00000000               1
   7390.67334      -5.68902760E-06   3.22939231E-05   1.36428935E-06   6.04412116E-06   15066.6396       18119.3906       5.00534289E-02   8.65003392E-02 -0.676171243       0.00000000       0.00000000               1
   7501.51123      -8.70828808E-06   3.19237697E-05   1.73659646E-06   5.97484359E-06   14500.5430       18017.0117       4.90187742E-02   8.68286937E-02 -0.706671834       0.00000000       0.00000000               1
   7612.35010      -9.96122253E-06   3.15567631E-05   4.18832497E-06   5.90615491E-06   14126.8721       18635.1152       4.74469066E-02   8.71361047E-02 -0.751324356       0.00000000       0.00000000               1
   7723.18701      -1.84023811E-05   3.11928452E-05   1.35878872E-06   5.83804376E-06   13054.8623       17418.6836       4.61440347E-02   8.73844400E-02 -0.789257109       0.00000000       0.00000000               1
   7834.02539      -5.10699465E-06   3.08319577E-05   3.12225529E-06   5.77050059E-06   14151.9326       17803.4902       4.57130000E-02   8.76344591E-02 -0.804388404       0.00000000       0.00000000               1
   7944.86279      -2.67077121E-06   3.04740679E-05   1.38922042E-06   5.70351813E-06   14140.2139       16978.2734       4.50323746E-02   8.79317746E-02 -0.827116311       0.00000000       0.00000000               1
   8055.70166      -9.61057958E-06   3.01191030E-05   3.97558324E-06   5.63708272E-06   13214.2188       17648.7480       4.40607183E-02   8.82761404E-02 -0.858908713       0.00000000       0.00000000               1
   8166.54053      -7.92219362E-06   2.97670067E-05   2.23819734E-06   5.57118483E-06   13153.0117       16825.6191       4.30540480E-02   8.84233564E-02 -0.889535487       0.00000000       0.00000000               1
   8277.37695      -1.02427584E-05   2.94177626E-05   4.18247510E-07   5.50582081E-06   12704.1514       15985.2578       4.20939401E-02   8.84516984E-02 -0.917806804       0.00000000       0.00000000               1
   8388.21484      -7.08180596E-06   2.90713033E-05   9.31759132E-08   5.44097657E-06   12792.6562       15666.8359       4.18579355E-02   8.83655027E-02 -0.923551202       0.00000000       0.00000000               1
   8499.05469       2.82331894E-06   2.87275943E-05  -1.64850280E-06   5.37664846E-06   13514.9531       14867.7275       4.15520445E-02   8.82222280E-02 -0.930611193       0.00000000       0.00000000               1
   8609.89258      -8.34296225E-06   2.83865829E-05  -9.36761353E-07   5.31282467E-06   12209.4150       14915.6328       4.15379517E-02   8.80553946E-02 -0.928690910       0.00000000       0.00000000               1
   8720.72949       8.08868208E-06   2.80482527E-05  -2.07362973E-06   5.24950337E-06   13547.3262       14331.7900       4.20384705E-02   8.80470574E-02 -0.913769245       0.00000000       0.00000000               1
   8831.56738       9.42862243E-07   2.77125419E-05   1.92323932E-06   5.18667139E-06   12621.5361       15504.8213       4.21249755E-02   8.81384388E-02 -0.912510574       0.00000000       0.00000000               1
   8942.40625       6.18048944E-07   2.73794249E-05  -2.74390914E-07   5.12432507E-06   12362.1914       14554.2100       4.18343432E-02   8.80373940E-02 -0.919650018       0.00000000       0.00000000               1
   9053.24414      -5.86229726E-06   2.70488672E-05  -1.54892405E-06   5.06245806E-06   11540.4619       13928.4014       4.15960290E-02   8.78681391E-02 -0.924332678       0.00000000       0.00000000               1
   9164.08301       1.56208989E-06   2.67208325E-05  -1.50518099E-06   5.00106353E-06   12022.8076       13757.3193       4.21236902E-02   8.77323300E-02 -0.906840026       0.00000000       0.00000000               1
   9274.91992       7.95931555E-06   2.63952988E-05  -9.45474312E-07   4.94013648E-06   12387.4336       13763.1777       4.32470962E-02   8.75909254E-02 -0.872314632       0.00000000       0.00000000               1
   9385.75879       1.23116624E-05   2.60722281E-05  -1.60601849E-06   4.87967100E-06   12545.6787       13354.5928       4.40510213E-02   8.74593705E-02 -0.847691417       0.00000000       0.00000000               1
   9496.59668       2.19469075E-06   2.57515967E-05  -7.67795427E-07   4.81966163E-06   11393.1465       13458.5049       4.46247682E-02   8.75035003E-02 -0.832320213       0.00000000       0.00000000               1
   9607.43555       8.15809472E-06   2.54333809E-05   1.56408350E-06   4.76010473E-06   11717.5791       14067.2383       4.50948887E-02   8.77761543E-02 -0.823212206       0.00000000       0.00000000               1
   9718.27246       3.25002475E-07   2.51175461E-05   3.35583172E-06   4.70099303E-06   10801.8916       14485.7910       4.47854176E-02   8.81164446E-02 -0.836506307       0.00000000       0.00000000               1
   9829.11035      -5.90922718E-06   2.48040924E-05   2.78455991E-06   4.64232699E-06   10057.7783       14100.9209       4.45084833E-02   8.84419531E-02 -0.848730624       0.00000000       0.00000000               1
   9939.94922       9.12179530E-07   2.44929670E-05   3.08896051E-06   4.58409704E-06   10483.1924       14015.6621       4.42353860E-02   8.86539072E-02 -0.859296560       0.00000000       0.00000000               1
   10050.7871      -5.84002555E-06   2.41841717E-05   7.35566573E-07   4.52630229E-06   9704.15820       13036.5439       4.39117402E-02   8.86946693E-02 -0.868941247       0.00000000       0.00000000               1
