#Alt,a355,r355,a532,r532,vr2-355,vr2-532,od355,od532,Angstrom,oubli355,oublie532,RunNumber 
   2624.63525       1.09909946E-04   5.24572315E-05   3.91131325E-05   9.81787980E-06   99988.1094       97098.3125       1.07905949E-02   4.00756579E-03   1.22426212       0.00000000       0.00000000           78881
   2735.47363       8.47986958E-05   5.18549168E-05   3.32005511E-05   9.70515157E-06   89202.4688       90675.7812       1.92935094E-02   7.52635393E-03   1.16353309       0.00000000       0.00000000           78881
   2846.31152       6.86310232E-05   5.12614351E-05   3.02937697E-05   9.59407498E-06   81736.6406       86832.2500       2.65763458E-02   1.09404530E-02   1.09703100       0.00000000       0.00000000           78881
   2957.14941       6.27831760E-05   5.06765355E-05   3.13114942E-05   9.48460547E-06   77448.9844       86139.3672       3.30999084E-02   1.44565608E-02   1.02389324       0.00000000       0.00000000           78881
   3067.98779       5.49298711E-05   5.00999777E-05   3.21341795E-05   9.37669847E-06   72960.3047       85296.0469       3.87070589E-02   1.78769138E-02  0.954836607       0.00000000       0.00000000           78881
   3178.82568       4.62476310E-05   4.95315398E-05   2.95839418E-05   9.27030851E-06   68585.4844       81907.5469       4.34035249E-02   2.08546668E-02  0.905953526       0.00000000       0.00000000           78881
   3289.66382       3.84969608E-05   4.89710001E-05   2.41476228E-05   9.16539830E-06   64724.5039       76462.2578       4.73355688E-02   2.33126953E-02  0.875425220       0.00000000       0.00000000           78881
   3400.50195       3.24541616E-05   4.84181437E-05   2.02058582E-05   9.06192508E-06   61499.6914       72310.0703       5.06777838E-02   2.55072750E-02  0.848554194       0.00000000       0.00000000           78881
   3511.33984       2.78540247E-05   4.78727525E-05   1.93939704E-05   8.95985067E-06   58787.4961       70602.5469       5.36725372E-02   2.75972635E-02  0.822178781       0.00000000       0.00000000           78881
   3622.17798       2.61842797E-05   4.73346481E-05   1.83184820E-05   8.85913960E-06   56865.5547       68742.0625       5.64559475E-02   2.97390819E-02  0.792284191       0.00000000       0.00000000           78881
   3733.01636       2.40404042E-05   4.68036233E-05   2.03291274E-05   8.75975184E-06   54922.9414       69187.8438       5.91682792E-02   3.20383571E-02  0.758235812       0.00000000       0.00000000           78881
   3843.85449       2.49018340E-05   4.62794997E-05   2.11597435E-05   8.66165738E-06   53705.6562       68745.5625       6.19768687E-02   3.43981199E-02  0.727715611       0.00000000       0.00000000           78881
   3954.69214       2.57774955E-05   4.57620918E-05   2.14208048E-05   8.56481893E-06   52518.9492       67891.1094       6.47174269E-02   3.67943533E-02  0.697960794       0.00000000       0.00000000           78881
   4065.53052       2.36739579E-05   4.52512104E-05   2.18175483E-05   8.46920284E-06   50744.6602       67147.2891       6.72956482E-02   3.92449461E-02  0.666549683       0.00000000       0.00000000           78881
   4176.36865       2.28483696E-05   4.47466919E-05   2.24017858E-05   8.37477910E-06   49307.1562       66546.8203       6.98166266E-02   4.16948982E-02  0.637157857       0.00000000       0.00000000           78881
   4287.20654       2.26410921E-05   4.42484125E-05   2.18060741E-05   8.28151951E-06   48045.4531       65115.4336       7.22936988E-02   4.40842360E-02  0.611376226       0.00000000       0.00000000           78881
   4398.04492       2.20559450E-05   4.37561612E-05   2.13078674E-05   8.18939134E-06   46748.8789       63785.3750       7.47870058E-02   4.64547314E-02  0.588548362       0.00000000       0.00000000           78881
   4508.88281       2.29341531E-05   4.32698071E-05   2.14662577E-05   8.09836547E-06   45781.1133       62943.8359       7.73301721E-02   4.88711223E-02  0.567204475       0.00000000       0.00000000           78881
   4619.72070       2.29556608E-05   4.27892155E-05   2.21360315E-05   8.00841735E-06   44668.8633       62471.2227       8.00029710E-02   5.14416695E-02  0.545843303       0.00000000       0.00000000           78881
   4730.55908       2.52731261E-05   4.23142228E-05   2.42476890E-05   7.91951788E-06   44022.7227       62994.9609       8.28812122E-02   5.42990565E-02  0.522712886       0.00000000       0.00000000           78881
   4841.39746       2.66626885E-05   4.18447016E-05   2.73118640E-05   7.83164160E-06   43200.5000       64138.0039       8.61828849E-02   5.75901158E-02  0.498263329       0.00000000       0.00000000           78881
   4952.23535       3.29139148E-05   4.13805101E-05   3.20732070E-05   7.74476393E-06   43279.7656       66375.0469       8.98612961E-02   6.12957403E-02  0.472846389       0.00000000       0.00000000           78881
   5063.07324       3.34607612E-05   4.09215136E-05   3.47924870E-05   7.65885852E-06   42267.9648       67132.8047       9.37096924E-02   6.52949587E-02  0.446556032       0.00000000       0.00000000           78881
   5173.91113       3.59810801E-05   4.04676030E-05   3.73709117E-05   7.57390490E-06   41630.9258       67743.3359       9.79165435E-02   6.96659088E-02  0.420745134       0.00000000       0.00000000           78881
   5284.74951       3.99285491E-05   4.00186436E-05   4.14998067E-05   7.48987804E-06   41237.2539       69324.3359      0.102514178       7.44199678E-02  0.395867079       0.00000000       0.00000000           78881
   5395.58789       4.30325599E-05   3.95745228E-05   4.42837772E-05   7.40675569E-06   40673.0078       69931.3750      0.105220847       7.74801970E-02  0.378268987       0.00000000       0.00000000           78881
   5506.42578       5.80759661E-06   3.91351350E-05   1.09361063E-05   7.32452054E-06   33300.8438       47145.1953      0.105787054       7.81707838E-02  0.373934478       0.00000000       0.00000000           78881
   5617.26367       4.40924487E-06   3.87003493E-05   1.52505527E-06   7.24314668E-06   30902.4590       40428.5938      0.106166258       7.83039480E-02  0.376253426       0.00000000       0.00000000           78881
   5728.10156       2.43332761E-06   3.82700819E-05   8.77840648E-07   7.16261775E-06   30649.6895       39494.7383      0.106695749       7.84658790E-02  0.379849166       0.00000000       0.00000000           78881
   5838.93945       7.12096517E-06   3.78442091E-05   2.04413300E-06   7.08291145E-06   29289.6582       39744.4297      0.107172705       7.86904469E-02  0.381829649       0.00000000       0.00000000           78881
   5949.77783       1.48537220E-06   3.74226402E-05   2.00809518E-06   7.00401142E-06   29680.9551       39214.1367      0.107479557       7.88714439E-02  0.382523835       0.00000000       0.00000000           78881
   6060.61621       4.05155879E-06   3.70052840E-05   1.25781298E-06   6.92589856E-06   28696.9355       38232.2617      0.108157210       7.90327489E-02  0.387767166       0.00000000       0.00000000           78881
   6171.45410       8.17631371E-06   3.65920350E-05   1.65288293E-06   6.84855468E-06   27495.1582       37999.4883      0.108970396       7.92615637E-02  0.393452048       0.00000000       0.00000000           78881
   6282.29248       6.49705180E-06   3.61828024E-05   2.47585194E-06   6.77196294E-06   27273.4707       38042.6797      0.109592937       7.94714317E-02  0.397224903       0.00000000       0.00000000           78881
   6393.13037       4.73624095E-06   3.57775170E-05   1.31113120E-06   6.69611018E-06   27061.9980       36813.6641      0.110021196       7.96111599E-02  0.399874210       0.00000000       0.00000000           78881
   6503.96875       2.99134990E-06   3.53760806E-05   1.21011180E-06   6.62097727E-06   26844.4941       36281.3359      0.110524245       7.97928721E-02  0.402694792       0.00000000       0.00000000           78881
   6614.80615       6.08594564E-06   3.49784168E-05   2.06876575E-06   6.54655059E-06   25860.0098       36366.9375      0.111310922       8.00347775E-02  0.407719582       0.00000000       0.00000000           78881
   6725.64404       8.10917118E-06   3.45844310E-05   2.29628859E-06   6.47281240E-06   25077.9277       36048.4492      0.112057559       8.02987665E-02  0.411912501       0.00000000       0.00000000           78881
   6836.48242       5.36331208E-06   3.41940613E-05   2.46718264E-06   6.39975087E-06   25064.6250       35697.5273      0.112570331       8.04835483E-02  0.414714634       0.00000000       0.00000000           78881
   6947.32080       3.88926128E-06   3.38072423E-05   8.67061317E-07   6.32735373E-06   24843.0352       34229.3867      0.112786427       8.06717426E-02  0.414198220       0.00000000       0.00000000           78881
   7058.15918       1.00117177E-08   3.34238794E-05   2.52878090E-06   6.25560415E-06   24990.1152       34844.2578      0.113014176       8.09266344E-02  0.412792474       0.00000000       0.00000000           78881
   7168.99658       4.09963832E-06   3.30439143E-05   2.07054109E-06   6.18448939E-06   25152.1387       34110.5273      0.113464221       8.12022686E-02  0.413502008       0.00000000       0.00000000           78881
   7279.83447       4.02120349E-06   3.26672853E-05   2.90313983E-06   6.11399992E-06   23438.8086       34199.6094      0.113765858       8.14474523E-02  0.413057029       0.00000000       0.00000000           78881
   7390.67334       1.42160570E-06   3.22939231E-05   1.52098437E-06   6.04412116E-06   23838.1289       32893.6602      0.113906913       8.16841200E-02  0.411002249       0.00000000       0.00000000           78881
   7501.51123       1.12362613E-06   3.19237697E-05   2.74947161E-06   5.97484359E-06   23348.1582       33244.3477      0.114310272       8.18825662E-02  0.412372261       0.00000000       0.00000000           78881
   7612.35010       6.15468889E-06   3.15567631E-05   8.31383659E-07   5.90615491E-06   23660.4863       31617.2363      0.114849553       8.21331292E-02  0.414413184       0.00000000       0.00000000           78881
   7723.18701       3.57630779E-06   3.11928452E-05   3.68996916E-06   5.83804376E-06   22824.9688       33000.2422      0.115236662       8.24232846E-02  0.414213508       0.00000000       0.00000000           78881
   7834.02539       3.40881525E-06   3.08319577E-05   1.54562076E-06   5.77050059E-06   22370.1055       31238.2227      0.115884043       8.26831385E-02  0.417247176       0.00000000       0.00000000           78881
   7944.86279       8.27285112E-06   3.04740679E-05   3.14329009E-06   5.70351813E-06   22654.7676       31832.7656      0.116378702       8.30657035E-02  0.416806281       0.00000000       0.00000000           78881
   8055.70166       6.52915332E-07   3.01191030E-05   3.75977834E-06   5.63708272E-06   21118.6992       31806.8398      0.116462596       8.34500790E-02  0.411990643       0.00000000       0.00000000           78881
   8166.54053       8.60934961E-07   2.97670067E-05   3.17593731E-06   5.57118483E-06   20515.3027       31034.8848      0.116605781       8.37417245E-02  0.409197152       0.00000000       0.00000000           78881
   8277.37695       1.72280124E-06   2.94177626E-05   2.08671918E-06   5.50582081E-06   20511.3750       29959.8945      0.117316775       8.39718878E-02  0.413318217       0.00000000       0.00000000           78881
   8388.21484       1.11066765E-05   2.90713033E-05   2.06645564E-06   5.44097657E-06   21456.4219       29560.2012      0.118384317       8.42195600E-02  0.420874506       0.00000000       0.00000000           78881
   8499.05469       8.15614476E-06   2.87275943E-05   2.40260488E-06   5.37664846E-06   20622.1035       29385.1387      0.119943783       8.44805464E-02  0.433225751       0.00000000       0.00000000           78881
   8609.89258       1.99834612E-05   2.83865829E-05   2.30666410E-06   5.31282467E-06   21862.2227       28945.0039      0.121114075       8.46379399E-02  0.442926466       0.00000000       0.00000000           78881
   8720.72949       1.13391434E-06   2.80482527E-05   5.33396815E-07   5.24950337E-06   18822.1191       27477.0547      0.121307164       8.47386196E-02  0.443426073       0.00000000       0.00000000           78881
   8831.56738       2.35029438E-06   2.77125419E-05   1.28331158E-06   5.18667139E-06   18645.3594       27578.7773      0.122355789       8.49815533E-02  0.450526237       0.00000000       0.00000000           78881
   8942.40625       1.65713282E-05   2.73794249E-05   3.10019095E-06   5.12432507E-06   20227.8770       28333.5840      0.124517307       8.52604806E-02  0.468120724       0.00000000       0.00000000           78881
   9053.24414       2.24319665E-05   2.70488672E-05   1.93284723E-06   5.06245806E-06   20601.5996       27248.2520      0.126158044       8.54046717E-02  0.482212454       0.00000000       0.00000000           78881
   9164.08301       7.17371586E-06   2.67208325E-05   6.69013389E-07   5.00106353E-06   18145.8945       26116.9805      0.127643734       8.54504108E-02  0.496021509       0.00000000       0.00000000           78881
   9274.91992       1.96348265E-05   2.63952988E-05   1.56313035E-07   4.94013648E-06   19441.8984       25266.8027      0.128935173       8.55196118E-02  0.507463455       0.00000000       0.00000000           78881
   9385.75879       3.66827589E-06   2.60722281E-05   1.09243047E-06   4.87967100E-06   16961.3379       24358.0098      0.129958332       8.56777430E-02  0.514949739       0.00000000       0.00000000           78881
   9496.59668       1.47938699E-05   2.57515967E-05   1.76089088E-06   4.81966163E-06   18089.9766       23621.9316      0.131414011       8.59001577E-02  0.525513053       0.00000000       0.00000000           78881
   9607.43555       1.14725990E-05   2.54333809E-05   2.25238546E-06   4.76010473E-06   17304.9004       23001.0000      0.132106334       8.60395357E-02  0.530003786       0.00000000       0.00000000           78881
   9718.27246       1.01993646E-06   2.51175461E-05   2.62676622E-07   4.70099303E-06   15377.3135       23899.5449      0.132500961       8.60584378E-02  0.533418894       0.00000000       0.00000000           78881
   9829.11035       6.10089774E-06   2.48040924E-05   7.84493750E-08   4.64232699E-06   16006.8721       23688.4785      0.133606762       8.61209482E-02  0.542793989       0.00000000       0.00000000           78881
   9939.94922       1.38523683E-05   2.44929670E-05   1.04955325E-06   4.58409704E-06   16683.8555       22776.0293      0.134712115       8.62086043E-02  0.551720262       0.00000000       0.00000000           78881
   10050.7871       6.09303970E-06   2.41841717E-05   5.32199920E-07   4.52630229E-06   13864.2012       22778.0703      0.135049775       8.62381011E-02  0.554391742       0.00000000       0.00000000           78881
