Searching for (Ra = 266.4, Dec = 0)
Searching for (Ra = 266.4, Dec = -28.3)
Searching for (Ra = 266.4, Dec = -28.3)
Loading DB
Run list
=================
20191
20192
20193
20194
20195
20198
20199
20549
20550
20551
20552
20553
20554
20567
20568
20572
20573
20580
20581
20582
20583
20584
20596
20597
20598
20608
20609
20814
20922
20923
20924
20925
20929
20930
20967
20968
20979
20989
20990
20991
20992
20995
20998
20999
21005
21006
21007
21016
21017
21027
21028
21146
21147
21148
21149
21150
21151
21152
21165
21166
21167
21168
21169
21190
21194
21219
21238
21245
21270
21272
21275
21276
21323
21327
21347
21348
21349
21350
21372
21373
21376
21377
21389
21390
21394
21407
21411
21452
21453
21463
21464
21486
21487
21491
21492
21493
21494
21496
21497
21498
21507
21508
21581
21582
21608
21862
21863
21864
21872
21873
21874
21876
21894
21895
21896
21897
21909
21910
21911
22258
22266
22267
22270
22271
22272
22273
22277
22278
22279
22280
22281
22290
22291
22292
22293
22294
22295
22322
22323
22384
22385
22427
25330
25331
25349
25350
25353
25379
25380
25401
25402
25403
25404
25405
25709
26078
26079
26080
26081
26082
26083
26084
26085
26086
26087
26088
26089
26090
26091
26092
26104
26105
26106
26107
26108
26109
26110
26111
26112
26113
26114
26115
26116
26117
26128
26129
26153
26154
26177
26178
26200
26201
26233
26234
26789
26790
26810
26811
26812
26813
26814
26844
26845
26851
26852
26874
26875
26930
26931
26946
26976
26999
27026
27088
27112
27131
27162
27186
27204
27259
27329
27375
27376
27377
27378
27498
27499
27500
27501
27502
27503
27504
27505
27506
27507
27535
27536
27537
27538
27539
27540
27541
27542
27543
27544
27545
27546
27565
27566
27567
27568
27569
27570
27571
27572
27573
27574
27575
27576
27577
27578
27592
27593
27594
27595
27599
27600
27601
27602
27603
27604
27605
27606
27607
27625
27626
27627
27628
27629
27630
27631
27632
27633
27634
27635
27636
27637
27638
27662
27663
27664
27665
27666
27667
27668
27669
27670
27671
28127
28128
28129
28130
28167
28168
28169
28170
30934
30935
30937
30938
30939
31030
31031
31106
31108
31465
31469
31508
31511
31539
31577
31578
31579
31580
31593
31594
31595
32385
32462
32469
32490
32491
32497
32585
32586
32665
32666
32667
32668
32669
32670
32678
32679
32680
32681
32692
32693
32694
32695
32765
32766
33135
33136
33137
33138
33159
33160
33161
33162
33186
33187
33207
33208
33458
33467
33468
33469
33482
33483
33484
33485
33499
33500
33501
33502
33536
34148
34187
34188
34209
34310
34313
34314
34333
34334
34335
34336
34949
34950
34951
34952
34953
34976
34977
34978
34979
35001
35002
35003
38832
38835
38862
38865
38895
38896
38897
38898
38930
38931
38932
38959
38960
38961
38962
45353
45354
45378
45379
45445
45446
45447
45448
45449
45466
45467
45468
45469
45470
45471
45472
45487
45488
45489
45490
45491
45492
45493
47027
47028
47029
47030
47031
47032
47033
47034
47064
47065
47066
47067
47070
47071
47072
50599
50600
50601
50602
50603
50622
50623
50624
50625
50653
50654
50679
50680
50681
50682
50683
52626
52627
52651
52652
57775
57776
57804
57805
57821
57860
58728
58751
58777
58802
58805
58829
58860
58887
58911
58912
58913
58914
58933
58934
58935
58936
63712
63713
63743
63744
63745
63755
63780
63781
63782
63805
66784
66785
66786
66803
67094
67095
67113
67114
67139
67140
67161
67162
67189
67190
67215
67244
70323
70980
70999
71000
71021
71077
71089
71090
71091
71092
71093
71097
71098
71109
71110
71111
71112
71113
71114
71861
71862
71863
71864
71865
71866
71887
71888
71889
71890
71892
71893
71897
71898
71899
71949
71956
71959
71960
71967
71992
71993
71994
71995
71996
73991
73993
74002
74008
74014
74021
74033
74037
74038
74039
74070
74072
74077
74081
74082
74083
74084
74085
74142
74144
74247
74249
74251
74253
74297
74299
74368
74371
74373
74374
74377
74379
74381
74382
74384
74386
74388
74390
74421
74423
74424
74426
74428
74430
74433
74435
74437
74439
74475
74477
74479
74481
74483
74485
74487
74489
74575
74578
74580
74635
74664
74666
74789
74792
74795
74799
74848
74861
74866
74870
74876
74886
74887
74921
74944
74963
75001
75042
75069
75106
75182
75671
75836
77284
77287
82904
83283
84229
84941
86185
